# unix_time, cycles_done, cur_path, paths_total, pending_total, pending_favs, map_size, unique_crashes, unique_hangs, max_depth, execs_per_sec
1586893821, 0, 0, 1, 1, 1, 0.35%, 0, 0, 1, 666.67
1586893827, 0, 0, 4, 4, 1, 0.37%, 0, 0, 2, 1173.75
1586893837, 0, 0, 5, 5, 1, 0.38%, 0, 0, 2, 1312.21
1586893847, 0, 0, 6, 6, 1, 0.38%, 0, 0, 2, 1330.03
1586893857, 0, 0, 7, 7, 1, 0.38%, 0, 0, 2, 1342.43
1586893918, 0, 0, 8, 8, 1, 0.40%, 0, 0, 2, 1350.29
1586893959, 0, 0, 34, 34, 1, 0.40%, 0, 0, 2, 1354.90
1586893964, 0, 0, 43, 43, 1, 0.40%, 0, 0, 2, 1389.46
1586893969, 0, 0, 45, 45, 1, 0.40%, 0, 0, 2, 1396.27
1586893974, 0, 0, 46, 46, 1, 0.40%, 0, 0, 2, 1397.85
1586893979, 0, 0, 47, 47, 1, 0.40%, 0, 0, 2, 1397.53
1586893984, 0, 6, 47, 46, 7, 0.40%, 0, 0, 2, 1423.08
1586894168, 0, 16, 47, 45, 6, 0.40%, 0, 0, 2, 1435.18
1586894295, 0, 17, 47, 44, 6, 0.40%, 0, 0, 2, 1452.23
1586894372, 0, 17, 50, 47, 6, 0.40%, 0, 0, 3, 1567.06
1586894377, 0, 17, 51, 48, 6, 0.40%, 0, 0, 3, 1559.19
1586894383, 0, 17, 53, 50, 6, 0.40%, 0, 0, 3, 1554.80
1586894388, 0, 17, 54, 51, 6, 0.40%, 0, 0, 3, 1564.91
1586894393, 0, 28, 55, 51, 5, 0.40%, 0, 0, 3, 1527.89
1586894505, 0, 43, 55, 50, 4, 0.40%, 0, 0, 3, 1437.13
1586894618, 0, 52, 55, 49, 3, 0.40%, 0, 0, 3, 1569.90
1586894623, 0, 52, 56, 50, 3, 0.40%, 0, 0, 4, 1701.50
1586894628, 0, 52, 57, 51, 3, 0.40%, 0, 0, 4, 1729.84
1586894690, 0, 54, 57, 50, 2, 0.40%, 0, 0, 4, 1700.77
1586894751, 0, 54, 60, 53, 2, 0.40%, 0, 0, 4, 1682.96
1586894756, 0, 56, 60, 52, 2, 0.40%, 0, 0, 4, 1692.06
1586894761, 0, 56, 61, 53, 2, 0.40%, 0, 0, 5, 1722.77
1586894823, 0, 56, 62, 54, 2, 0.40%, 0, 0, 5, 1735.20
1586894828, 0, 58, 62, 53, 1, 0.40%, 0, 0, 5, 1803.58
1586894863, 0, 58, 67, 58, 1, 0.40%, 0, 0, 5, 1962.59
1586894868, 0, 58, 70, 61, 1, 0.40%, 0, 0, 5, 1935.35
1586894874, 0, 58, 73, 64, 1, 0.41%, 0, 0, 5, 1921.58
1586894884, 0, 68, 73, 63, 3, 0.41%, 0, 0, 5, 1934.83
1586894935, 0, 68, 74, 64, 3, 0.41%, 0, 0, 6, 1937.15
1586894940, 0, 71, 74, 63, 2, 0.41%, 0, 0, 6, 1999.78
1586894971, 0, 71, 77, 66, 2, 0.41%, 0, 0, 6, 1983.34
1586894976, 0, 71, 78, 67, 2, 0.41%, 0, 0, 6, 1979.13
1586894986, 0, 72, 78, 66, 3, 0.41%, 0, 0, 6, 1954.84
1586895027, 0, 75, 78, 65, 2, 0.41%, 0, 0, 6, 2013.98
1586895057, 0, 77, 80, 66, 2, 0.41%, 0, 0, 7, 2072.06
1586895062, 0, 77, 82, 68, 2, 0.41%, 0, 0, 7, 2107.63
1586895067, 0, 77, 83, 69, 2, 0.41%, 0, 0, 7, 2123.97
1586895083, 0, 77, 87, 73, 2, 0.41%, 0, 0, 7, 2097.40
1586895098, 0, 79, 87, 72, 2, 0.41%, 0, 0, 7, 2090.43
1586895129, 0, 86, 89, 73, 2, 0.41%, 0, 0, 8, 2122.35
1586895134, 0, 86, 90, 74, 2, 0.41%, 0, 0, 8, 2148.53
1586895139, 0, 86, 91, 75, 2, 0.41%, 0, 0, 8, 2154.27
1586895144, 0, 86, 92, 76, 2, 0.41%, 0, 0, 8, 2154.80
1586895149, 0, 86, 97, 81, 2, 0.41%, 0, 0, 8, 2105.09
1586895154, 0, 86, 101, 85, 2, 0.41%, 0, 0, 8, 2091.09
1586895164, 0, 87, 101, 84, 2, 0.41%, 0, 0, 8, 2111.61
1586895190, 0, 87, 102, 85, 2, 0.41%, 0, 0, 9, 2094.44
1586895195, 0, 98, 103, 85, 1, 0.41%, 0, 0, 9, 2164.52
1586895210, 0, 102, 103, 84, 1, 0.41%, 0, 0, 9, 2195.49
1586895225, 0, 102, 105, 86, 1, 0.41%, 0, 0, 10, 2154.86
1586895230, 0, 103, 106, 86, 2, 0.41%, 0, 0, 11, 2194.91
1586895240, 0, 103, 109, 89, 2, 0.41%, 0, 0, 11, 2216.28
1586895250, 0, 104, 109, 88, 3, 0.41%, 0, 0, 11, 2194.38
1586895266, 0, 106, 110, 88, 2, 0.41%, 0, 0, 12, 2249.89
1586895271, 0, 109, 110, 87, 1, 0.41%, 0, 0, 12, 2253.29
1586895281, 1, 3, 110, 86, 0, 0.41%, 0, 0, 12, 1719.36
1586895470, 1, 10, 110, 85, 0, 0.41%, 0, 0, 12, 1432.07
1586895665, 1, 12, 111, 85, 0, 0.41%, 0, 0, 12, 1438.11
1586895792, 1, 13, 111, 84, 0, 0.41%, 0, 0, 12, 1487.48
1586895935, 1, 14, 113, 85, 0, 0.41%, 0, 0, 12, 1396.06
1586896130, 1, 18, 113, 84, 0, 0.41%, 0, 0, 12, 1417.30
1586896264, 1, 23, 113, 83, 0, 0.41%, 0, 0, 12, 1417.11
1586896459, 1, 25, 113, 82, 0, 0.41%, 0, 0, 12, 1415.84
1586896582, 1, 27, 113, 81, 0, 0.41%, 0, 0, 12, 1416.32
1586896705, 1, 30, 113, 80, 0, 0.41%, 0, 0, 12, 1425.62
1586896812, 1, 32, 113, 79, 0, 0.41%, 0, 0, 12, 1438.26
1586897007, 1, 35, 113, 78, 0, 0.41%, 0, 0, 12, 1448.14
1586897190, 1, 38, 113, 77, 0, 0.41%, 0, 0, 12, 1437.96
1586897385, 1, 45, 113, 76, 0, 0.41%, 0, 0, 12, 1430.98
