# unix_time, cycles_done, cur_path, paths_total, pending_total, pending_favs, map_size, unique_crashes, unique_hangs, max_depth, execs_per_sec
1587055850, 0, 0, 36, 36, 24, 1.67%, 0, 0, 1, 4965.52
1587055855, 0, 0, 150, 150, 24, 1.89%, 0, 0, 2, 6372.53
1587055860, 0, 1, 184, 183, 69, 1.92%, 0, 0, 2, 6655.18
1587055865, 0, 8, 210, 207, 76, 1.92%, 0, 0, 2, 6822.45
1587055870, 0, 15, 226, 219, 79, 1.94%, 0, 0, 2, 6687.77
1587055875, 0, 21, 237, 226, 76, 1.96%, 0, 0, 2, 6762.17
1587055880, 0, 33, 242, 224, 72, 1.97%, 0, 0, 2, 6494.17
1587055885, 0, 33, 539, 521, 72, 2.02%, 0, 0, 2, 4216.76
1587055890, 0, 33, 544, 526, 72, 2.04%, 0, 0, 2, 3805.59
1587055895, 0, 33, 556, 538, 72, 2.04%, 0, 0, 2, 4006.07
1587055900, 0, 33, 559, 541, 72, 2.04%, 0, 0, 2, 3541.14
1587055905, 0, 33, 564, 546, 72, 2.04%, 0, 0, 2, 3439.57
1587055910, 0, 33, 566, 548, 72, 2.04%, 0, 0, 2, 3236.59
1587055915, 0, 33, 572, 554, 72, 2.04%, 0, 0, 2, 3665.62
1587055941, 0, 33, 575, 557, 72, 2.04%, 0, 0, 2, 3966.38
1587055946, 0, 33, 615, 597, 72, 2.04%, 0, 0, 2, 4363.41
1587055951, 0, 57, 626, 604, 91, 2.07%, 0, 0, 3, 5985.10
1587055956, 0, 84, 626, 595, 82, 2.07%, 0, 0, 3, 6765.08
1587055962, 0, 101, 627, 589, 76, 2.07%, 0, 0, 3, 6810.44
1587055967, 0, 115, 627, 584, 71, 2.07%, 0, 0, 3, 6798.98
1587055972, 0, 138, 634, 584, 66, 2.08%, 0, 0, 3, 6898.97
1587055977, 0, 166, 640, 583, 62, 2.08%, 0, 0, 3, 6852.47
1587055982, 0, 184, 640, 577, 56, 2.08%, 0, 0, 3, 6816.32
1587055987, 0, 214, 645, 576, 51, 2.08%, 0, 0, 3, 6767.66
1587055992, 0, 225, 645, 570, 45, 2.08%, 0, 0, 3, 6861.92
1587055997, 0, 263, 647, 567, 42, 2.08%, 0, 0, 3, 5530.81
1587056007, 0, 264, 647, 566, 41, 2.08%, 0, 0, 3, 5046.65
1587056017, 0, 269, 647, 565, 40, 2.08%, 0, 0, 3, 4987.02
1587056028, 0, 270, 647, 564, 39, 2.08%, 0, 0, 3, 4966.68
1587056038, 0, 314, 647, 563, 38, 2.08%, 0, 0, 3, 4915.87
1587056043, 0, 314, 648, 564, 38, 2.08%, 0, 0, 3, 4768.74
1587056053, 0, 358, 648, 563, 38, 2.08%, 0, 0, 3, 4832.89
1587056068, 0, 358, 652, 567, 38, 2.08%, 0, 0, 3, 4747.32
1587056078, 0, 389, 652, 566, 37, 2.08%, 0, 0, 3, 4500.88
1587056104, 0, 395, 652, 565, 37, 2.08%, 0, 0, 3, 4404.46
1587056169, 0, 397, 652, 564, 37, 2.08%, 0, 0, 3, 4299.89
1587056195, 0, 400, 652, 563, 37, 2.08%, 0, 0, 3, 4529.36
1587056226, 0, 402, 652, 562, 36, 2.08%, 0, 0, 3, 4563.87
1587056256, 0, 413, 652, 561, 35, 2.08%, 0, 0, 3, 4478.58
1587056287, 0, 425, 652, 560, 34, 2.08%, 0, 0, 3, 4421.08
1587056297, 0, 425, 653, 561, 34, 2.08%, 0, 0, 3, 4569.36
1587056317, 0, 426, 653, 560, 34, 2.08%, 0, 0, 3, 4231.57
1587056383, 0, 429, 654, 560, 34, 2.08%, 0, 0, 3, 4128.92
1587056414, 0, 432, 655, 560, 33, 2.09%, 0, 0, 3, 4363.69
1587056429, 0, 432, 656, 561, 33, 2.10%, 0, 0, 3, 4400.97
1587056445, 0, 445, 656, 560, 34, 2.10%, 0, 0, 3, 4472.21
1587056480, 0, 491, 659, 562, 34, 2.10%, 0, 0, 3, 3956.32
1587056490, 0, 491, 660, 563, 34, 2.10%, 0, 0, 3, 3802.23
1587056541, 0, 500, 661, 563, 34, 2.10%, 0, 0, 3, 4025.28
1587056602, 0, 533, 662, 563, 34, 2.10%, 0, 0, 3, 3677.62
1587056664, 0, 536, 663, 563, 34, 2.10%, 0, 0, 3, 3650.44
1587056669, 0, 536, 664, 564, 34, 2.10%, 0, 0, 3, 3701.45
1587056725, 0, 538, 666, 565, 34, 2.10%, 0, 0, 3, 4119.31
1587056735, 0, 538, 667, 566, 34, 2.10%, 0, 0, 3, 4773.04
1587056740, 0, 559, 667, 565, 33, 2.10%, 0, 0, 3, 4685.16
1587056765, 0, 559, 668, 566, 33, 2.10%, 0, 0, 3, 3303.84
1587056806, 0, 560, 669, 566, 32, 2.10%, 0, 0, 3, 4139.69
1587056836, 0, 568, 669, 565, 32, 2.10%, 0, 0, 3, 3962.33
1587056841, 0, 568, 670, 566, 32, 2.10%, 0, 0, 3, 3753.24
1587056851, 0, 568, 672, 568, 32, 2.10%, 0, 0, 3, 3836.10
1587056866, 0, 568, 674, 570, 32, 2.10%, 0, 0, 3, 3316.93
1587056897, 0, 580, 674, 569, 32, 2.10%, 0, 0, 3, 3844.97
1587056963, 0, 594, 675, 569, 31, 2.10%, 0, 0, 3, 4166.59
1587056994, 0, 616, 675, 568, 30, 2.10%, 0, 0, 3, 4763.72
1587057009, 0, 624, 676, 565, 26, 2.10%, 0, 0, 4, 6338.15
1587057014, 0, 635, 676, 556, 19, 2.10%, 0, 0, 4, 6745.53
1587057019, 0, 647, 680, 554, 15, 2.10%, 0, 0, 4, 5727.00
1587057034, 0, 654, 680, 553, 14, 2.10%, 0, 0, 4, 4639.15
1587057065, 0, 655, 680, 552, 13, 2.10%, 0, 0, 4, 4489.34
1587057070, 0, 655, 681, 553, 13, 2.10%, 0, 0, 4, 4114.01
1587057126, 0, 656, 683, 554, 14, 2.11%, 0, 0, 4, 4328.32
1587057131, 0, 656, 684, 555, 14, 2.11%, 0, 0, 4, 4588.71
1587057146, 0, 659, 684, 554, 13, 2.11%, 0, 0, 4, 3794.06
1587057207, 0, 660, 684, 553, 12, 2.11%, 0, 0, 4, 3972.73
1587057268, 0, 666, 685, 553, 11, 2.11%, 0, 0, 4, 4467.77
1587057278, 0, 666, 686, 554, 11, 2.11%, 0, 0, 4, 4897.97
1587057283, 0, 668, 686, 553, 11, 2.11%, 0, 0, 4, 4579.69
1587057314, 0, 672, 686, 552, 10, 2.11%, 0, 0, 4, 4218.57
1587057319, 0, 672, 687, 553, 10, 2.11%, 0, 0, 4, 3704.65
1587057380, 0, 681, 687, 550, 8, 2.11%, 0, 0, 4, 4483.08
1587057410, 0, 682, 687, 549, 7, 2.11%, 0, 0, 4, 4487.74
1587057415, 0, 682, 689, 551, 7, 2.11%, 0, 0, 5, 4208.78
1587057471, 0, 683, 689, 550, 6, 2.11%, 0, 0, 5, 4377.85
1587057491, 0, 685, 691, 551, 5, 2.11%, 0, 0, 5, 4634.12
1587057506, 0, 686, 693, 552, 4, 2.11%, 0, 0, 5, 3826.99
1587057511, 0, 686, 694, 553, 4, 2.11%, 0, 0, 5, 3697.36
1587057537, 0, 686, 695, 554, 4, 2.11%, 0, 0, 5, 3463.97
1587057572, 1, 298, 698, 552, 1, 2.11%, 0, 0, 5, 4710.18
1587057638, 1, 298, 705, 559, 1, 2.11%, 0, 0, 5, 4182.79
1587057643, 1, 347, 707, 560, 3, 2.11%, 0, 0, 5, 4415.47
1587057663, 1, 365, 707, 559, 3, 2.11%, 0, 0, 5, 4639.95
1587057684, 1, 378, 708, 559, 3, 2.11%, 0, 0, 5, 4636.66
1587057709, 1, 697, 708, 558, 3, 2.11%, 0, 0, 5, 4455.21
1587057714, 1, 698, 709, 558, 3, 2.11%, 0, 0, 5, 4195.22
1587057775, 1, 703, 711, 559, 2, 2.11%, 0, 0, 5, 4474.55
1587057785, 1, 703, 712, 560, 2, 2.11%, 0, 0, 5, 4796.35
1587057791, 1, 708, 712, 559, 2, 2.11%, 0, 0, 5, 5519.41
1587057796, 1, 708, 717, 564, 2, 2.12%, 0, 0, 5, 6110.36
1587057801, 1, 713, 719, 565, 5, 2.12%, 0, 0, 6, 6280.85
1587057806, 1, 716, 719, 564, 4, 2.12%, 0, 0, 6, 6232.18
1587057811, 1, 716, 721, 566, 4, 2.12%, 0, 0, 6, 6241.91
1587057816, 1, 718, 721, 564, 2, 2.12%, 0, 0, 6, 6250.06
1587057821, 2, 237, 727, 565, 0, 2.12%, 0, 0, 6, 6428.74
1587057826, 2, 244, 728, 565, 0, 2.12%, 0, 0, 6, 5350.51
1587057836, 2, 245, 728, 564, 0, 2.12%, 0, 0, 6, 4920.34
1587057846, 2, 249, 728, 563, 0, 2.12%, 0, 0, 6, 4920.69
1587057856, 2, 255, 729, 563, 0, 2.12%, 0, 0, 6, 4903.54
1587057866, 2, 265, 730, 563, 0, 2.12%, 0, 0, 6, 4973.18
1587057877, 2, 271, 730, 562, 0, 2.12%, 0, 0, 6, 4958.10
1587057887, 2, 273, 730, 561, 0, 2.12%, 0, 0, 6, 4939.72
1587057902, 2, 277, 730, 560, 0, 2.12%, 0, 0, 6, 4914.02
1587057912, 2, 278, 730, 559, 0, 2.12%, 0, 0, 6, 4545.05
1587057978, 2, 278, 742, 571, 0, 2.12%, 0, 0, 6, 4188.89
1587057983, 2, 331, 745, 573, 4, 2.12%, 0, 0, 6, 4546.29
1587057999, 2, 528, 745, 572, 4, 2.12%, 0, 0, 6, 4652.80
1587058059, 2, 725, 745, 571, 4, 2.12%, 0, 0, 6, 4931.54
1587058090, 2, 730, 748, 573, 4, 2.12%, 0, 0, 6, 5333.82
1587058105, 2, 730, 756, 581, 4, 2.12%, 0, 0, 6, 5684.87
1587058110, 2, 733, 756, 580, 4, 2.12%, 0, 0, 6, 4586.26
1587058140, 2, 752, 756, 579, 3, 2.12%, 0, 0, 6, 5223.66
1587058151, 3, 105, 759, 577, 0, 2.12%, 0, 0, 6, 5999.64
1587058156, 3, 123, 759, 572, 0, 2.12%, 0, 0, 6, 6694.62
1587058161, 3, 161, 759, 566, 0, 2.12%, 0, 0, 6, 6657.22
1587058166, 3, 197, 759, 562, 0, 2.12%, 0, 0, 6, 6694.30
1587058171, 3, 247, 759, 555, 0, 2.12%, 0, 0, 6, 6524.83
1587058181, 3, 251, 759, 554, 0, 2.12%, 0, 0, 6, 5024.94
1587058191, 3, 253, 759, 553, 0, 2.12%, 0, 0, 6, 5070.76
1587058206, 3, 256, 759, 552, 0, 2.12%, 0, 0, 6, 4979.01
1587058216, 3, 257, 759, 551, 0, 2.12%, 0, 0, 6, 4988.96
1587058227, 3, 261, 759, 550, 0, 2.12%, 0, 0, 6, 5037.48
1587058237, 3, 268, 759, 549, 0, 2.12%, 0, 0, 6, 5020.18
1587058247, 3, 280, 759, 548, 0, 2.12%, 0, 0, 6, 4390.00
1587058313, 3, 281, 765, 553, 0, 2.12%, 0, 0, 6, 4544.75
1587058328, 3, 286, 765, 552, 0, 2.12%, 0, 0, 6, 4072.83
1587058394, 3, 288, 766, 552, 0, 2.12%, 0, 0, 6, 4635.84
1587058404, 3, 290, 766, 551, 0, 2.12%, 0, 0, 6, 4944.02
1587058420, 3, 297, 766, 550, 0, 2.12%, 0, 0, 6, 4883.99
1587058435, 3, 299, 766, 549, 0, 2.12%, 0, 0, 6, 3857.72
1587058450, 3, 299, 767, 550, 0, 2.12%, 0, 0, 6, 3582.90
1587058501, 3, 300, 767, 549, 0, 2.12%, 0, 0, 6, 3573.37
1587058562, 3, 301, 767, 548, 0, 2.12%, 0, 0, 6, 3879.77
1587058577, 3, 302, 767, 547, 0, 2.12%, 0, 0, 6, 4879.15
1587058592, 3, 303, 767, 546, 0, 2.12%, 0, 0, 6, 4886.15
1587058608, 3, 310, 767, 545, 0, 2.12%, 0, 0, 6, 4817.94
1587058623, 3, 315, 767, 544, 0, 2.12%, 0, 0, 6, 4491.66
1587058688, 3, 318, 767, 543, 0, 2.12%, 0, 0, 6, 4228.75
1587058704, 3, 320, 767, 542, 0, 2.12%, 0, 0, 6, 4866.35
1587058724, 3, 322, 767, 541, 0, 2.12%, 0, 0, 6, 4652.34
1587058740, 3, 323, 767, 540, 0, 2.12%, 0, 0, 6, 4753.42
1587058755, 3, 324, 767, 539, 0, 2.12%, 0, 0, 6, 4775.75
1587058770, 3, 325, 767, 538, 0, 2.12%, 0, 0, 6, 4779.29
1587058775, 3, 325, 768, 539, 0, 2.12%, 0, 0, 6, 3838.94
1587058837, 3, 333, 768, 538, 0, 2.12%, 0, 0, 6, 4062.51
1587058857, 3, 334, 768, 537, 0, 2.12%, 0, 0, 6, 4695.56
1587058872, 3, 337, 768, 536, 0, 2.12%, 0, 0, 6, 4643.96
1587058892, 3, 343, 768, 535, 0, 2.12%, 0, 0, 6, 4591.74
1587058912, 3, 349, 768, 534, 0, 2.12%, 0, 0, 6, 4643.73
1587058933, 3, 351, 768, 533, 0, 2.12%, 0, 0, 6, 4582.17
1587058953, 3, 355, 768, 532, 0, 2.12%, 0, 0, 6, 4674.29
1587058979, 3, 359, 768, 531, 0, 2.12%, 0, 0, 6, 4576.86
1587058999, 3, 361, 768, 530, 0, 2.12%, 0, 0, 6, 4563.37
1587059019, 3, 372, 768, 529, 0, 2.12%, 0, 0, 6, 4624.24
1587059044, 3, 375, 768, 528, 0, 2.12%, 0, 0, 6, 4588.29
1587059070, 3, 380, 768, 527, 0, 2.12%, 0, 0, 6, 4481.14
1587059095, 3, 382, 768, 526, 0, 2.12%, 0, 0, 6, 4529.28
1587059121, 3, 385, 768, 525, 0, 2.12%, 0, 0, 6, 4614.46
1587059151, 3, 388, 768, 524, 0, 2.12%, 0, 0, 6, 4530.41
1587059177, 3, 399, 768, 523, 0, 2.12%, 0, 0, 6, 4631.30
1587059207, 3, 402, 768, 522, 0, 2.12%, 0, 0, 6, 4527.06
1587059212, 3, 405, 769, 523, 0, 2.12%, 0, 0, 6, 3743.81
1587059217, 3, 405, 770, 524, 0, 2.12%, 0, 0, 6, 3663.18
1587059273, 3, 410, 770, 523, 0, 2.12%, 0, 0, 6, 3973.91
1587059304, 3, 420, 770, 522, 0, 2.12%, 0, 0, 6, 4535.33
1587059335, 3, 424, 770, 521, 0, 2.12%, 0, 0, 6, 4500.69
1587059371, 3, 434, 770, 520, 0, 2.12%, 0, 0, 6, 4407.86
1587059402, 3, 439, 770, 519, 0, 2.12%, 0, 0, 6, 4384.27
1587059438, 3, 444, 770, 518, 0, 2.12%, 0, 0, 6, 4292.26
