# unix_time, cycles_done, cur_path, paths_total, pending_total, pending_favs, map_size, unique_crashes, unique_hangs, max_depth, execs_per_sec
1586913250, 0, 0, 1, 1, 1, 0.33%, 0, 0, 1, 0.00
1586913260, 0, 0, 6, 6, 1, 0.33%, 0, 0, 2, 2292.67
1586913271, 0, 0, 7, 7, 1, 0.33%, 0, 0, 2, 2425.14
1586913276, 0, 3, 7, 6, 2, 0.33%, 0, 0, 2, 2486.10
1586913281, 0, 6, 7, 5, 1, 0.33%, 0, 0, 2, 2493.92
1586913286, 1, 1, 7, 4, 0, 0.33%, 0, 0, 2, 2496.53
1586913291, 1, 4, 7, 2, 0, 0.33%, 0, 0, 2, 2498.39
1586913296, 1, 5, 7, 1, 0, 0.33%, 0, 0, 2, 2503.30
1586913306, 2, 11, 13, 6, 1, 0.34%, 0, 0, 2, 2270.90
1586913825, 2, 13, 14, 6, 0, 0.34%, 0, 0, 3, 1689.65
1586916183, 3, 7, 15, 6, 0, 0.34%, 0, 0, 4, 1904.74
1586916198, 3, 8, 16, 6, 0, 0.34%, 0, 0, 4, 2402.85
1586916224, 3, 15, 17, 6, 0, 0.34%, 0, 0, 4, 1522.33
