# unix_time, cycles_done, cur_path, paths_total, pending_total, pending_favs, map_size, unique_crashes, unique_hangs, max_depth, execs_per_sec
1586986842, 0, 0, 1, 1, 1, 5.82%, 0, 0, 1, 0.00
1586986847, 0, 0, 4, 4, 1, 5.82%, 0, 0, 2, 1184.67
1586986862, 0, 0, 6, 6, 1, 5.82%, 0, 0, 2, 1275.37
1586986867, 0, 0, 6, 6, 1, 5.82%, 3, 0, 2, 1215.23
1586986872, 0, 0, 7, 7, 1, 5.82%, 3, 0, 2, 1459.49
1586986908, 0, 0, 7, 7, 1, 5.82%, 7, 0, 2, 1264.45
1586986923, 0, 0, 7, 7, 1, 5.82%, 13, 0, 2, 1256.50
1586986928, 0, 0, 8, 8, 1, 5.82%, 29, 0, 2, 1261.87
1586986933, 0, 0, 11, 11, 1, 5.83%, 35, 0, 2, 1261.33
1586986969, 0, 0, 11, 11, 1, 5.83%, 39, 0, 2, 1259.35
1586986980, 0, 0, 11, 11, 1, 5.83%, 43, 0, 2, 1261.22
1586986985, 0, 0, 11, 11, 1, 5.83%, 51, 0, 2, 1256.21
1586986990, 0, 0, 11, 11, 1, 5.83%, 71, 0, 2, 1260.03
1586986995, 0, 0, 11, 11, 1, 5.83%, 75, 0, 2, 1261.50
1586987443, 0, 0, 11, 11, 1, 5.83%, 79, 0, 2, 1268.57
1586987454, 0, 0, 11, 11, 1, 5.83%, 83, 0, 2, 1267.86
1586987459, 0, 0, 11, 11, 1, 5.83%, 90, 0, 2, 1268.82
1586987464, 0, 0, 11, 11, 1, 5.83%, 110, 0, 2, 1259.68
1586987469, 0, 0, 11, 11, 1, 5.83%, 113, 0, 2, 1267.43
1586987500, 0, 0, 11, 11, 1, 5.83%, 117, 0, 2, 1261.83
1586987516, 0, 0, 11, 11, 1, 5.83%, 122, 0, 2, 1254.51
1586987521, 0, 0, 11, 11, 1, 5.83%, 134, 0, 2, 1262.38
1586987526, 0, 0, 13, 13, 1, 5.83%, 148, 0, 2, 1265.68
