# unix_time, cycles_done, cur_path, paths_total, pending_total, pending_favs, map_size, unique_crashes, unique_hangs, max_depth, execs_per_sec
1586921998, 0, 0, 1, 1, 1, 0.33%, 0, 0, 1, 0.00
1586922008, 0, 0, 2, 2, 1, 0.33%, 0, 0, 2, 2207.76
1586922418, 0, 0, 6, 6, 1, 0.33%, 0, 0, 2, 2217.16
1586922423, 0, 1, 6, 5, 2, 0.33%, 0, 0, 2, 2203.42
1586922851, 0, 4, 6, 4, 1, 0.33%, 0, 0, 2, 2234.97
1586922958, 0, 6, 7, 4, 1, 0.33%, 0, 0, 3, 2243.70
1586922964, 1, 2, 7, 3, 0, 0.33%, 0, 0, 3, 2215.65
1586923208, 1, 3, 7, 2, 0, 0.33%, 0, 0, 3, 2234.13
1586923392, 1, 5, 7, 1, 0, 0.33%, 0, 0, 3, 2232.79
1586923530, 2, 10, 12, 5, 1, 0.34%, 0, 0, 3, 2028.81
