# unix_time, cycles_done, cur_path, paths_total, pending_total, pending_favs, map_size, unique_crashes, unique_hangs, max_depth, execs_per_sec
1587064299, 0, 0, 36, 36, 25, 1.67%, 0, 0, 1, 0.00
1587064304, 0, 0, 102, 102, 25, 1.81%, 0, 0, 2, 1621.32
1587064309, 0, 0, 129, 129, 25, 1.86%, 0, 0, 2, 1746.76
1587064314, 0, 0, 141, 141, 25, 1.87%, 0, 0, 2, 1772.17
1587064319, 0, 0, 148, 148, 25, 1.88%, 0, 0, 2, 1788.87
1587064324, 0, 1, 164, 163, 67, 1.89%, 0, 0, 2, 1779.93
1587064329, 0, 1, 172, 171, 67, 1.90%, 0, 0, 2, 1786.53
1587064334, 0, 1, 177, 176, 67, 1.90%, 0, 0, 2, 1766.87
1587064339, 0, 1, 179, 178, 67, 1.91%, 0, 0, 2, 1767.36
1587064344, 0, 3, 183, 180, 74, 1.91%, 0, 0, 2, 1775.02
1587064349, 0, 6, 189, 185, 73, 1.91%, 0, 0, 2, 1767.44
1587064355, 0, 6, 203, 199, 73, 1.92%, 0, 0, 2, 1777.70
1587064360, 0, 6, 207, 203, 73, 1.92%, 0, 0, 2, 1792.67
1587064365, 0, 6, 208, 204, 73, 1.92%, 0, 0, 2, 1789.61
1587064370, 0, 8, 209, 204, 75, 1.92%, 0, 0, 2, 1777.61
1587064375, 0, 11, 213, 206, 75, 1.92%, 0, 0, 2, 1786.30
1587064380, 0, 14, 217, 208, 74, 1.93%, 0, 0, 2, 1757.59
1587064385, 0, 17, 219, 208, 74, 1.93%, 0, 0, 2, 1751.01
1587064390, 0, 21, 224, 212, 73, 1.94%, 0, 0, 2, 1815.81
1587064395, 0, 21, 228, 216, 73, 1.94%, 0, 0, 2, 1822.15
1587064400, 0, 21, 231, 219, 73, 1.95%, 0, 0, 2, 1799.11
1587064405, 0, 21, 234, 222, 73, 1.95%, 0, 0, 2, 1811.58
1587064410, 0, 28, 235, 220, 78, 1.95%, 0, 0, 2, 1809.66
1587064415, 0, 31, 235, 218, 76, 1.95%, 0, 0, 2, 1781.75
1587064421, 0, 33, 328, 310, 75, 1.97%, 0, 0, 2, 1179.96
1587064426, 0, 33, 439, 421, 75, 1.99%, 0, 0, 2, 981.47
1587064431, 0, 33, 500, 482, 75, 2.00%, 0, 0, 2, 890.51
1587064436, 0, 33, 531, 513, 75, 2.00%, 0, 0, 2, 971.87
1587064441, 0, 33, 532, 514, 75, 2.00%, 0, 0, 2, 948.74
1587064446, 0, 33, 535, 517, 75, 2.02%, 0, 0, 2, 1012.89
1587064451, 0, 33, 536, 518, 75, 2.02%, 0, 0, 2, 1023.57
1587064456, 0, 33, 537, 519, 75, 2.02%, 0, 0, 2, 1009.60
1587064461, 0, 33, 540, 522, 75, 2.02%, 0, 0, 2, 948.10
1587064466, 0, 33, 543, 525, 75, 2.02%, 0, 0, 2, 1036.11
1587064471, 0, 33, 549, 531, 75, 2.02%, 0, 0, 2, 1075.92
1587064476, 0, 33, 552, 534, 75, 2.02%, 0, 0, 2, 1086.97
1587064482, 0, 33, 554, 536, 75, 2.02%, 0, 0, 2, 1026.40
1587064487, 0, 33, 555, 537, 75, 2.02%, 0, 0, 2, 938.82
1587064502, 0, 33, 559, 541, 75, 2.03%, 0, 0, 2, 964.70
1587064517, 0, 33, 560, 542, 75, 2.03%, 0, 0, 2, 930.57
1587064527, 0, 33, 562, 544, 75, 2.03%, 0, 0, 2, 896.04
1587064537, 0, 33, 564, 546, 75, 2.03%, 0, 0, 2, 835.30
1587064542, 0, 33, 568, 550, 75, 2.03%, 0, 0, 2, 938.74
1587064649, 0, 33, 573, 555, 75, 2.03%, 0, 0, 2, 1037.87
1587064654, 0, 33, 577, 559, 75, 2.03%, 0, 0, 2, 980.22
1587064659, 0, 33, 606, 588, 75, 2.04%, 0, 0, 2, 1106.27
1587064664, 0, 33, 613, 595, 75, 2.04%, 0, 0, 2, 1156.86
1587064669, 0, 33, 615, 597, 75, 2.04%, 0, 0, 2, 1175.43
1587064675, 0, 33, 617, 599, 75, 2.04%, 0, 0, 2, 1177.29
1587064680, 0, 46, 617, 597, 96, 2.04%, 0, 0, 2, 1655.75
1587064685, 0, 47, 618, 597, 96, 2.04%, 0, 0, 3, 1815.90
1587064690, 0, 50, 618, 596, 95, 2.04%, 0, 0, 3, 1862.64
1587064695, 0, 54, 619, 595, 93, 2.04%, 0, 0, 3, 1825.26
1587064700, 0, 56, 623, 598, 92, 2.06%, 0, 0, 3, 1838.25
1587064706, 0, 57, 623, 597, 95, 2.06%, 0, 0, 3, 1733.97
1587064711, 0, 60, 623, 595, 93, 2.06%, 0, 0, 3, 1677.41
1587064716, 0, 63, 623, 594, 92, 2.06%, 0, 0, 3, 1639.48
1587064721, 0, 79, 623, 591, 89, 2.06%, 0, 0, 3, 1662.70
1587064726, 0, 83, 623, 590, 88, 2.06%, 0, 0, 3, 1674.31
1587064731, 0, 92, 623, 587, 85, 2.06%, 0, 0, 3, 1713.59
1587064737, 0, 99, 623, 584, 82, 2.06%, 0, 0, 3, 1750.06
1587064742, 0, 104, 623, 583, 82, 2.06%, 0, 0, 3, 1721.88
1587064747, 0, 115, 634, 590, 81, 2.08%, 0, 0, 3, 1782.22
1587064752, 0, 117, 634, 588, 79, 2.08%, 0, 0, 3, 1729.49
1587064757, 0, 121, 634, 585, 76, 2.08%, 0, 0, 3, 1765.57
1587064767, 0, 122, 635, 585, 76, 2.08%, 0, 0, 3, 1845.02
1587064772, 0, 125, 635, 583, 74, 2.08%, 0, 0, 3, 1799.06
1587064777, 0, 128, 635, 581, 72, 2.08%, 0, 0, 3, 1812.51
1587064782, 0, 143, 635, 577, 68, 2.08%, 0, 0, 3, 1852.11
1587064792, 0, 145, 635, 576, 67, 2.08%, 0, 0, 3, 1806.13
1587064797, 0, 149, 636, 575, 73, 2.08%, 0, 0, 3, 1852.07
1587064802, 0, 155, 636, 573, 71, 2.08%, 0, 0, 3, 1793.42
1587064807, 0, 156, 637, 573, 71, 2.08%, 0, 0, 3, 1815.65
1587064812, 0, 157, 637, 572, 70, 2.08%, 0, 0, 3, 1803.41
1587064818, 0, 167, 637, 570, 68, 2.08%, 0, 0, 3, 1822.39
1587064823, 0, 168, 637, 569, 67, 2.08%, 0, 0, 3, 1831.74
1587064828, 0, 170, 638, 569, 66, 2.09%, 0, 0, 3, 1847.60
1587064833, 0, 178, 638, 567, 64, 2.09%, 0, 0, 3, 1853.98
1587064838, 0, 184, 638, 566, 63, 2.09%, 0, 0, 3, 1827.34
1587064843, 0, 186, 640, 567, 63, 2.09%, 0, 0, 3, 1797.29
1587064848, 0, 189, 640, 566, 62, 2.09%, 0, 0, 3, 1784.04
1587064853, 0, 208, 644, 566, 59, 2.09%, 0, 0, 3, 1822.25
1587064858, 0, 210, 644, 564, 58, 2.09%, 0, 0, 3, 1835.04
1587064863, 0, 215, 644, 561, 55, 2.09%, 0, 0, 3, 1815.57
1587064868, 0, 223, 644, 558, 52, 2.09%, 0, 0, 3, 1839.57
1587064873, 0, 232, 646, 555, 48, 2.09%, 0, 0, 3, 1855.40
1587064878, 0, 250, 648, 555, 46, 2.09%, 0, 0, 3, 1466.55
1587064919, 0, 251, 648, 554, 46, 2.09%, 0, 0, 3, 1218.42
1587064964, 0, 257, 649, 554, 46, 2.09%, 0, 0, 3, 1208.28
1587065010, 0, 262, 649, 553, 45, 2.09%, 0, 0, 3, 1196.10
1587065056, 0, 263, 649, 552, 44, 2.09%, 0, 0, 3, 1173.24
1587065107, 0, 395, 649, 551, 43, 2.09%, 0, 0, 3, 1036.40
1587065228, 0, 399, 649, 550, 42, 2.09%, 0, 0, 3, 1172.01
1587065243, 0, 399, 650, 551, 42, 2.09%, 0, 0, 3, 1114.48
1587065253, 0, 399, 651, 552, 42, 2.09%, 0, 0, 3, 1125.92
1587065345, 0, 400, 651, 551, 41, 2.09%, 0, 0, 3, 1179.54
1587065461, 0, 423, 651, 550, 40, 2.09%, 0, 0, 3, 1171.19
1587065583, 0, 463, 651, 549, 39, 2.09%, 0, 0, 3, 1112.90
1587065588, 0, 463, 652, 550, 39, 2.09%, 0, 0, 3, 1061.46
1587065750, 0, 463, 653, 551, 39, 2.09%, 0, 0, 3, 1105.24
1587065755, 0, 475, 654, 551, 39, 2.09%, 0, 0, 3, 1148.67
1587065836, 0, 475, 655, 552, 39, 2.09%, 0, 0, 3, 1072.78
1587065927, 0, 485, 655, 551, 38, 2.09%, 0, 0, 3, 1133.27
1587065937, 0, 485, 656, 552, 38, 2.09%, 0, 0, 3, 927.15
1587065957, 0, 485, 657, 553, 38, 2.09%, 0, 0, 3, 1051.87
1587066160, 0, 493, 657, 552, 38, 2.09%, 0, 0, 3, 1063.70
1587066165, 0, 493, 660, 555, 38, 2.09%, 0, 0, 3, 1097.57
1587066261, 0, 493, 664, 559, 38, 2.10%, 0, 0, 3, 1034.05
1587066378, 0, 519, 664, 558, 39, 2.10%, 0, 0, 3, 1117.84
1587066596, 0, 530, 664, 557, 38, 2.10%, 0, 0, 3, 1131.69
1587066636, 0, 530, 665, 558, 38, 2.10%, 0, 0, 3, 1240.56
1587066657, 0, 555, 665, 557, 38, 2.10%, 0, 0, 3, 1207.42
1587066738, 0, 555, 666, 558, 38, 2.10%, 0, 0, 3, 973.44
1587066895, 0, 558, 666, 557, 37, 2.10%, 0, 0, 3, 1144.61
1587066900, 0, 558, 668, 559, 37, 2.10%, 0, 0, 3, 1127.02
1587067011, 0, 567, 668, 558, 38, 2.10%, 0, 0, 3, 1079.40
1587067027, 0, 567, 670, 560, 38, 2.11%, 0, 0, 3, 993.41
1587067037, 0, 567, 671, 561, 38, 2.11%, 0, 0, 3, 1047.52
1587067062, 0, 567, 672, 562, 38, 2.11%, 0, 0, 3, 1135.69
1587067133, 0, 567, 673, 563, 38, 2.11%, 0, 0, 3, 977.12
1587067255, 0, 581, 673, 562, 39, 2.11%, 0, 0, 3, 995.61
1587067260, 0, 581, 674, 563, 39, 2.11%, 0, 0, 3, 934.74
1587067270, 0, 581, 675, 564, 39, 2.11%, 0, 0, 3, 992.31
1587067483, 0, 582, 676, 564, 38, 2.11%, 0, 0, 3, 1142.84
1587067544, 0, 583, 676, 563, 37, 2.11%, 0, 0, 3, 1227.03
1587067589, 0, 586, 676, 562, 36, 2.11%, 0, 0, 3, 1154.80
1587067660, 0, 600, 676, 561, 34, 2.11%, 0, 0, 3, 1231.90
1587067792, 0, 600, 677, 562, 34, 2.11%, 0, 0, 3, 1155.49
1587067797, 0, 607, 677, 561, 34, 2.11%, 0, 0, 3, 1189.86
1587067858, 0, 618, 679, 561, 33, 2.11%, 0, 0, 4, 1680.13
1587067863, 0, 619, 680, 561, 32, 2.11%, 0, 0, 4, 1835.70
1587067868, 0, 620, 680, 560, 31, 2.11%, 0, 0, 4, 1892.29
1587067873, 0, 621, 680, 559, 30, 2.11%, 0, 0, 4, 1910.51
1587067878, 0, 625, 680, 556, 27, 2.11%, 0, 0, 4, 1868.56
1587067883, 0, 633, 683, 556, 24, 2.11%, 0, 0, 4, 1895.78
1587067888, 0, 634, 683, 555, 24, 2.11%, 0, 0, 4, 1842.67
