# unix_time, cycles_done, cur_path, paths_total, pending_total, pending_favs, map_size, unique_crashes, unique_hangs, max_depth, execs_per_sec
1586833363, 0, 0, 1, 1, 1, 5.82%, 0, 0, 1, 666.67
1586833368, 0, 0, 4, 4, 1, 5.82%, 0, 0, 2, 1176.92
1586833379, 0, 0, 5, 5, 1, 5.82%, 0, 0, 2, 1295.40
1586833384, 0, 0, 6, 6, 1, 5.82%, 0, 0, 2, 1298.86
1586833389, 0, 0, 10, 10, 1, 5.83%, 0, 0, 2, 1322.66
1586833399, 0, 1, 10, 9, 4, 5.83%, 0, 0, 2, 1576.76
1586833414, 0, 5, 10, 8, 3, 5.83%, 0, 0, 2, 1498.32
1586833434, 0, 7, 10, 7, 2, 5.83%, 0, 0, 2, 1294.90
1586833450, 1, 2, 10, 5, 0, 5.83%, 0, 0, 2, 1369.57
1586833470, 1, 3, 10, 4, 0, 5.83%, 0, 0, 2, 1305.36
1586833491, 1, 4, 10, 3, 0, 5.83%, 0, 0, 2, 1672.78
1586833506, 1, 6, 10, 2, 0, 5.83%, 0, 0, 2, 1263.52
1586833526, 1, 8, 10, 1, 0, 5.83%, 0, 0, 2, 1462.35
1586833536, 2, 6, 10, 0, 0, 5.83%, 0, 0, 2, 1619.92
1586833542, 4, 0, 10, 0, 0, 5.83%, 0, 0, 2, 1553.14
1586833547, 5, 3, 10, 0, 0, 5.83%, 0, 0, 2, 1512.87
1586833552, 6, 6, 10, 0, 0, 5.83%, 0, 0, 2, 1510.49
1586833557, 7, 9, 10, 0, 0, 5.83%, 0, 0, 2, 1553.08
1586833562, 9, 3, 10, 0, 0, 5.83%, 0, 0, 2, 1519.01
1586833567, 10, 6, 10, 0, 0, 5.83%, 0, 0, 2, 1510.32
1586833572, 11, 8, 10, 0, 0, 5.83%, 0, 0, 2, 1522.04
1586833578, 13, 2, 10, 0, 0, 5.83%, 0, 0, 2, 1542.60
1586833583, 14, 5, 10, 0, 0, 5.83%, 0, 0, 2, 1515.53
1586833588, 15, 7, 10, 0, 0, 5.83%, 0, 0, 2, 1474.67
1586833593, 17, 1, 10, 0, 0, 5.83%, 0, 0, 2, 1518.80
1586833598, 18, 4, 10, 0, 0, 5.83%, 0, 0, 2, 1522.04
1586833603, 19, 7, 10, 0, 0, 5.83%, 0, 0, 2, 1505.94
1586833608, 21, 0, 10, 0, 0, 5.83%, 0, 0, 2, 1505.70
1586833613, 22, 3, 10, 0, 0, 5.83%, 0, 0, 2, 1497.80
1586833618, 23, 6, 10, 0, 0, 5.83%, 0, 0, 2, 1485.82
1586833623, 24, 8, 10, 0, 0, 5.83%, 0, 0, 2, 1488.48
1586833628, 26, 1, 10, 0, 0, 5.83%, 0, 0, 2, 1517.35
1586833633, 27, 4, 10, 0, 0, 5.83%, 0, 0, 2, 1489.52
1586833638, 28, 6, 10, 0, 0, 5.83%, 0, 0, 2, 1461.33
1586833643, 29, 8, 10, 0, 0, 5.83%, 0, 0, 2, 1483.26
1586833649, 31, 2, 10, 0, 0, 5.83%, 0, 0, 2, 1507.10
1586833654, 32, 4, 10, 0, 0, 5.83%, 0, 0, 2, 1459.67
1586833659, 33, 4, 10, 0, 0, 5.83%, 0, 0, 2, 1216.57
1586833664, 34, 5, 10, 0, 0, 5.83%, 0, 0, 2, 1289.20
1586833669, 35, 7, 10, 0, 0, 5.83%, 0, 0, 2, 1389.39
1586833674, 37, 0, 10, 0, 0, 5.83%, 0, 0, 2, 1482.87
1586833679, 38, 3, 10, 0, 0, 5.83%, 0, 0, 2, 1488.76
1586833685, 39, 6, 10, 0, 0, 5.83%, 0, 0, 2, 1470.13
1586833690, 40, 8, 10, 0, 0, 5.83%, 0, 0, 2, 1468.81
1586833695, 42, 1, 10, 0, 0, 5.83%, 0, 0, 2, 1517.64
1586833700, 43, 4, 10, 0, 0, 5.83%, 0, 0, 2, 1492.16
1586833705, 44, 6, 10, 0, 0, 5.83%, 0, 0, 2, 1464.05
1586833710, 46, 0, 10, 0, 0, 5.83%, 0, 0, 2, 1499.71
1586833715, 47, 3, 10, 0, 0, 5.83%, 0, 0, 2, 1468.80
1586833720, 48, 6, 10, 0, 0, 5.83%, 0, 0, 2, 1489.22
1586833725, 49, 9, 10, 0, 0, 5.83%, 0, 0, 2, 1497.66
1586833730, 51, 2, 10, 0, 0, 5.83%, 0, 0, 2, 1498.91
1586833736, 52, 5, 10, 0, 0, 5.83%, 0, 0, 2, 1489.19
1586833741, 53, 7, 10, 0, 0, 5.83%, 0, 0, 2, 1446.18
1586833746, 55, 1, 10, 0, 0, 5.83%, 0, 0, 2, 1501.54
1586833751, 56, 3, 10, 0, 0, 5.83%, 0, 0, 2, 1470.77
1586833756, 57, 6, 10, 0, 0, 5.83%, 0, 0, 2, 1465.24
1586833761, 58, 9, 10, 0, 0, 5.83%, 0, 0, 2, 1508.56
1586833767, 60, 2, 10, 0, 0, 5.83%, 0, 0, 2, 1500.99
1586833772, 61, 5, 10, 0, 0, 5.83%, 0, 0, 2, 1496.20
1586833777, 62, 7, 10, 0, 0, 5.83%, 0, 0, 2, 1464.66
1586833782, 64, 0, 10, 0, 0, 5.83%, 0, 0, 2, 1498.33
1586833787, 65, 3, 10, 0, 0, 5.83%, 0, 0, 2, 1494.51
1586833792, 66, 6, 10, 0, 0, 5.83%, 0, 0, 2, 1484.34
1586833797, 67, 8, 10, 0, 0, 5.83%, 0, 0, 2, 1463.33
1586833802, 69, 1, 10, 0, 0, 5.83%, 0, 0, 2, 1519.69
1586833807, 70, 3, 10, 0, 0, 5.83%, 0, 0, 2, 1432.87
1586833813, 71, 6, 10, 0, 0, 5.83%, 0, 0, 2, 1462.88
1586833818, 72, 8, 10, 0, 0, 5.83%, 0, 0, 2, 1483.48
1586833823, 74, 2, 10, 0, 0, 5.83%, 0, 0, 2, 1521.03
1586833828, 75, 4, 10, 0, 0, 5.83%, 0, 0, 2, 1514.35
1586833833, 76, 7, 10, 0, 0, 5.83%, 0, 0, 2, 1498.44
1586833838, 78, 0, 10, 0, 0, 5.83%, 0, 0, 2, 1508.23
1586833843, 79, 3, 10, 0, 0, 5.83%, 0, 0, 2, 1467.94
1586833848, 80, 6, 10, 0, 0, 5.83%, 0, 0, 2, 1477.36
1586833853, 81, 8, 10, 0, 0, 5.83%, 0, 0, 2, 1478.68
1586833859, 83, 0, 10, 0, 0, 5.83%, 0, 0, 2, 1424.84
1586833864, 84, 3, 10, 0, 0, 5.83%, 0, 0, 2, 1465.44
1586833869, 85, 4, 10, 0, 0, 5.83%, 0, 0, 2, 1384.95
1586833874, 86, 5, 10, 0, 0, 5.83%, 0, 0, 2, 1375.14
1586833879, 87, 7, 10, 0, 0, 5.83%, 0, 0, 2, 1361.90
1586833884, 88, 9, 10, 0, 0, 5.83%, 0, 0, 2, 1410.38
1586833889, 90, 2, 10, 0, 0, 5.83%, 0, 0, 2, 1446.45
1586833894, 91, 3, 10, 0, 0, 5.83%, 0, 0, 2, 1386.81
1586833899, 92, 5, 10, 0, 0, 5.83%, 0, 0, 2, 1393.59
1586833904, 93, 6, 10, 0, 0, 5.83%, 0, 0, 2, 1354.89
1586833909, 94, 9, 10, 0, 0, 5.83%, 0, 0, 2, 1452.74
1586833914, 96, 2, 10, 0, 0, 5.83%, 0, 0, 2, 1482.51
1586833919, 97, 3, 10, 0, 0, 5.83%, 0, 0, 2, 1464.73
1586833924, 98, 6, 10, 0, 0, 5.83%, 0, 0, 2, 1440.46
1586833930, 99, 8, 10, 0, 0, 5.83%, 0, 0, 2, 1435.16
1586833935, 101, 1, 10, 0, 0, 5.83%, 0, 0, 2, 1478.00
1586833940, 102, 3, 10, 0, 0, 5.83%, 0, 0, 2, 1444.36
1586833945, 103, 6, 10, 0, 0, 5.83%, 0, 0, 2, 1444.86
1586833950, 104, 8, 10, 0, 0, 5.83%, 0, 0, 2, 1411.93
1586833955, 106, 1, 10, 0, 0, 5.83%, 0, 0, 2, 1459.46
1586833960, 107, 3, 10, 0, 0, 5.83%, 0, 0, 2, 1425.15
1586833965, 108, 11, 23, 13, 1, 5.83%, 0, 0, 2, 1342.63
1586834006, 108, 11, 30, 20, 1, 5.83%, 0, 0, 3, 1320.49
1586834016, 108, 11, 31, 21, 1, 5.83%, 0, 0, 3, 1350.30
1586834021, 108, 11, 32, 22, 1, 5.83%, 0, 0, 3, 1353.80
1586834026, 108, 11, 34, 24, 1, 5.83%, 0, 0, 3, 1206.85
1586834031, 108, 14, 34, 23, 0, 5.83%, 0, 0, 3, 1120.54
1586834072, 108, 15, 34, 22, 0, 5.83%, 0, 0, 3, 1253.33
1586834102, 108, 15, 38, 26, 0, 5.83%, 0, 0, 3, 1082.91
1586834107, 108, 15, 40, 28, 0, 5.83%, 0, 0, 3, 564.86
1586834113, 108, 16, 40, 27, 0, 5.83%, 0, 0, 3, 721.63
1586834728, 108, 23, 40, 26, 0, 5.83%, 0, 0, 3, 790.31
1586835372, 108, 24, 40, 25, 0, 5.83%, 0, 0, 3, 646.99
