# unix_time, cycles_done, cur_path, paths_total, pending_total, pending_favs, map_size, unique_crashes, unique_hangs, max_depth, execs_per_sec
1587060839, 0, 0, 905, 905, 186, 6.81%, 0, 0, 1, 594.44
1587060844, 0, 4, 911, 910, 186, 6.81%, 0, 0, 2, 2937.79
1587060854, 0, 4, 912, 911, 186, 6.81%, 0, 0, 2, 1751.31
1587060890, 0, 10, 912, 910, 185, 6.81%, 0, 0, 2, 2154.22
1587060915, 0, 29, 913, 908, 182, 6.81%, 0, 0, 2, 2930.60
1587060920, 0, 29, 915, 910, 182, 6.81%, 0, 0, 2, 1491.69
1587060935, 0, 29, 916, 911, 182, 6.81%, 0, 0, 2, 1346.39
1587061012, 0, 46, 916, 909, 181, 6.81%, 0, 0, 2, 3001.68
1587061114, 0, 58, 916, 907, 179, 6.81%, 0, 0, 2, 3101.24
1587061154, 0, 60, 917, 907, 178, 6.81%, 0, 0, 2, 1422.88
1587061250, 0, 61, 917, 906, 178, 6.81%, 0, 0, 2, 1557.55
1587061311, 0, 70, 917, 903, 175, 6.81%, 0, 0, 2, 3455.31
1587061413, 0, 71, 917, 902, 174, 6.81%, 0, 0, 2, 1722.17
1587061453, 0, 75, 917, 901, 173, 6.81%, 0, 0, 2, 2059.07
1587061489, 0, 77, 917, 900, 172, 6.81%, 0, 0, 2, 3432.37
1587061494, 0, 91, 917, 899, 171, 6.81%, 0, 0, 2, 5410.62
1587061509, 0, 98, 917, 898, 170, 6.81%, 0, 0, 2, 3165.56
1587061586, 0, 126, 917, 897, 169, 6.81%, 0, 0, 2, 3884.92
1587061591, 0, 129, 917, 895, 168, 6.81%, 0, 0, 2, 4340.22
1587061667, 0, 133, 917, 893, 166, 6.81%, 0, 0, 2, 4016.81
1587061713, 0, 134, 917, 892, 165, 6.81%, 0, 0, 2, 2227.07
1587061845, 0, 137, 917, 891, 164, 6.81%, 0, 0, 2, 1486.43
1587061972, 0, 150, 917, 889, 162, 6.81%, 0, 0, 2, 3740.17
1587061977, 0, 150, 918, 890, 162, 6.81%, 0, 0, 2, 1671.82
1587062124, 0, 168, 918, 888, 160, 6.81%, 0, 0, 2, 3114.44
1587062155, 0, 170, 918, 886, 158, 6.81%, 0, 0, 2, 4679.56
1587062160, 0, 177, 918, 884, 156, 6.81%, 0, 0, 2, 3499.13
1587062195, 0, 193, 918, 881, 153, 6.81%, 0, 0, 2, 4278.38
1587062201, 0, 202, 918, 880, 152, 6.81%, 0, 0, 2, 2066.97
1587062281, 0, 203, 918, 879, 151, 6.81%, 0, 0, 2, 1429.70
1587062363, 0, 214, 918, 876, 148, 6.81%, 0, 0, 2, 4092.87
1587062393, 0, 214, 919, 877, 148, 6.81%, 0, 0, 2, 2229.37
1587062398, 0, 214, 920, 878, 148, 6.81%, 0, 0, 2, 2057.47
1587062403, 0, 215, 920, 877, 148, 6.81%, 0, 0, 2, 2122.87
1587062561, 0, 221, 920, 876, 147, 6.81%, 0, 0, 2, 1711.78
1587062683, 0, 222, 920, 875, 146, 6.81%, 0, 0, 2, 1206.82
1587062850, 0, 227, 920, 872, 143, 6.81%, 0, 0, 2, 4341.56
1587062881, 0, 243, 920, 871, 142, 6.81%, 0, 0, 2, 4099.96
1587063008, 0, 245, 921, 870, 140, 6.81%, 0, 0, 2, 2231.85
1587063176, 0, 251, 921, 869, 139, 6.81%, 0, 0, 2, 1434.64
1587063405, 0, 260, 921, 867, 137, 6.81%, 0, 0, 2, 1202.33
1587063552, 0, 265, 921, 866, 136, 6.81%, 0, 0, 2, 2815.88
1587063558, 0, 274, 921, 864, 134, 6.81%, 0, 0, 2, 5034.32
1587063563, 0, 275, 921, 863, 133, 6.81%, 0, 0, 2, 704.18
1587063568, 0, 275, 922, 864, 133, 6.81%, 0, 0, 2, 629.05
1587064051, 0, 310, 922, 863, 133, 6.81%, 0, 0, 2, 1316.42
1587064187, 0, 315, 922, 862, 132, 6.81%, 0, 0, 2, 251.04
1587064285, 0, 315, 923, 863, 132, 6.81%, 0, 0, 2, 95.21
1587064311, 0, 315, 924, 864, 132, 6.81%, 0, 0, 2, 89.78
