# unix_time, cycles_done, cur_path, paths_total, pending_total, pending_favs, map_size, unique_crashes, unique_hangs, max_depth, execs_per_sec
1587072310, 0, 0, 36, 36, 25, 1.67%, 0, 0, 1, 806.72
1587072315, 0, 0, 106, 106, 25, 1.82%, 0, 0, 2, 1672.48
1587072321, 0, 0, 209, 209, 25, 1.98%, 0, 0, 2, 1818.78
1587072326, 0, 0, 241, 241, 25, 1.99%, 0, 0, 2, 1862.15
1587072331, 0, 0, 256, 256, 25, 2.00%, 0, 0, 2, 1873.15
1587072336, 0, 2, 262, 261, 93, 2.01%, 0, 0, 2, 1868.39
1587072341, 0, 2, 274, 273, 93, 2.03%, 0, 0, 2, 1813.69
1587072346, 0, 2, 279, 278, 93, 2.03%, 0, 0, 2, 1869.42
1587072351, 0, 5, 281, 279, 94, 2.04%, 0, 0, 2, 1899.22
1587072356, 0, 8, 283, 280, 94, 2.04%, 0, 0, 2, 1892.36
1587072361, 0, 10, 288, 284, 93, 2.04%, 0, 0, 2, 1861.08
1587072366, 0, 12, 290, 285, 92, 2.04%, 0, 0, 2, 1889.99
1587072371, 0, 17, 294, 287, 90, 2.04%, 0, 0, 2, 1861.41
1587072376, 0, 23, 301, 292, 88, 2.06%, 0, 0, 2, 1870.24
1587072381, 0, 28, 303, 292, 87, 2.06%, 0, 0, 2, 1864.97
1587072386, 0, 31, 304, 291, 86, 2.06%, 0, 0, 2, 1895.06
1587072392, 0, 33, 368, 354, 85, 2.06%, 0, 0, 2, 1317.42
1587072397, 0, 33, 452, 438, 85, 2.06%, 0, 0, 2, 1038.37
1587072402, 0, 33, 504, 490, 85, 2.06%, 0, 0, 2, 901.30
1587072407, 0, 33, 531, 517, 85, 2.07%, 0, 0, 2, 989.73
1587072412, 0, 33, 532, 518, 85, 2.07%, 0, 0, 2, 945.69
1587072417, 0, 33, 533, 519, 85, 2.07%, 0, 0, 2, 966.92
1587072422, 0, 33, 534, 520, 85, 2.07%, 0, 0, 2, 958.56
1587072427, 0, 33, 535, 521, 85, 2.07%, 0, 0, 2, 944.00
1587072432, 0, 33, 538, 524, 85, 2.07%, 0, 0, 2, 978.45
1587072437, 0, 33, 540, 526, 85, 2.07%, 0, 0, 2, 1014.79
1587072442, 0, 33, 545, 531, 85, 2.07%, 0, 0, 2, 1104.41
1587072447, 0, 33, 550, 536, 85, 2.08%, 0, 0, 2, 1096.34
1587072457, 0, 33, 552, 538, 85, 2.08%, 0, 0, 2, 930.98
1587072473, 0, 33, 554, 540, 85, 2.08%, 0, 0, 2, 977.99
1587072488, 0, 33, 555, 541, 85, 2.08%, 0, 0, 2, 919.97
1587072498, 0, 33, 557, 543, 85, 2.08%, 0, 0, 2, 881.99
1587072508, 0, 33, 558, 544, 85, 2.08%, 0, 0, 2, 843.82
1587072513, 0, 33, 562, 548, 85, 2.08%, 0, 0, 2, 952.94
1587072619, 0, 33, 568, 554, 85, 2.08%, 0, 0, 2, 989.61
1587072625, 0, 33, 572, 558, 85, 2.08%, 0, 0, 2, 1159.97
1587072630, 0, 33, 576, 562, 85, 2.08%, 0, 0, 2, 1092.85
1587072635, 0, 33, 578, 564, 85, 2.08%, 0, 0, 2, 989.78
1587072640, 0, 33, 579, 565, 85, 2.08%, 0, 0, 2, 938.52
1587072645, 0, 33, 586, 572, 85, 2.08%, 0, 0, 2, 1016.96
1587072650, 0, 33, 588, 574, 85, 2.08%, 0, 0, 2, 951.61
1587072655, 0, 33, 591, 577, 85, 2.08%, 0, 0, 2, 967.07
1587072660, 0, 33, 594, 580, 85, 2.08%, 0, 0, 2, 894.14
1587072665, 0, 33, 607, 593, 85, 2.08%, 0, 0, 2, 873.38
1587072670, 0, 33, 611, 597, 85, 2.08%, 0, 0, 2, 914.70
1587072675, 0, 33, 612, 598, 85, 2.08%, 0, 0, 2, 1034.90
1587072680, 0, 33, 613, 599, 85, 2.08%, 0, 0, 2, 1117.41
1587072685, 0, 33, 614, 600, 85, 2.08%, 0, 0, 2, 997.27
1587072731, 0, 33, 617, 603, 85, 2.08%, 0, 0, 2, 1026.04
1587072736, 0, 33, 624, 610, 85, 2.08%, 0, 0, 2, 1119.59
1587072741, 0, 33, 629, 615, 85, 2.08%, 0, 0, 2, 1194.14
1587072746, 0, 33, 636, 622, 85, 2.08%, 0, 0, 2, 1212.87
1587072751, 0, 33, 637, 623, 85, 2.08%, 0, 0, 2, 1207.18
1587072756, 0, 39, 638, 623, 94, 2.08%, 0, 0, 2, 1568.62
1587072762, 0, 46, 638, 622, 93, 2.08%, 0, 0, 2, 1845.42
1587072767, 0, 47, 638, 621, 92, 2.08%, 0, 0, 2, 1900.02
1587072772, 0, 50, 638, 620, 91, 2.08%, 0, 0, 2, 1919.09
1587072777, 0, 53, 639, 620, 90, 2.08%, 0, 0, 3, 1916.36
1587072782, 0, 54, 639, 619, 89, 2.08%, 0, 0, 3, 1925.63
1587072787, 0, 56, 643, 622, 88, 2.10%, 0, 0, 3, 1913.25
1587072792, 0, 57, 643, 621, 89, 2.10%, 0, 0, 3, 1894.87
1587072797, 0, 58, 643, 620, 88, 2.10%, 0, 0, 3, 1900.35
1587072802, 0, 60, 643, 619, 87, 2.10%, 0, 0, 3, 1915.97
1587072807, 0, 63, 643, 618, 86, 2.10%, 0, 0, 3, 1926.81
1587072812, 0, 79, 643, 617, 85, 2.10%, 0, 0, 3, 1931.12
1587072817, 0, 85, 643, 616, 84, 2.10%, 0, 0, 3, 1906.65
1587072823, 0, 87, 645, 617, 83, 2.10%, 0, 0, 3, 1925.71
1587072828, 0, 95, 646, 617, 83, 2.10%, 0, 0, 3, 1937.51
1587072833, 0, 105, 646, 616, 82, 2.10%, 0, 0, 3, 1930.67
1587072843, 0, 108, 646, 615, 81, 2.10%, 0, 0, 3, 1926.85
1587072848, 0, 109, 646, 614, 80, 2.10%, 0, 0, 3, 1928.89
1587072853, 0, 110, 646, 613, 79, 2.10%, 0, 0, 3, 1914.72
1587072858, 0, 122, 647, 610, 75, 2.10%, 0, 0, 3, 1920.89
1587072863, 0, 126, 647, 607, 72, 2.10%, 0, 0, 3, 1957.29
1587072868, 0, 128, 647, 606, 71, 2.10%, 0, 0, 3, 1911.84
1587072873, 0, 132, 647, 604, 69, 2.10%, 0, 0, 3, 1925.04
1587072878, 0, 133, 647, 603, 68, 2.10%, 0, 0, 3, 1922.22
1587072883, 0, 137, 648, 602, 66, 2.10%, 0, 0, 3, 1940.11
1587072889, 0, 138, 648, 601, 65, 2.10%, 0, 0, 3, 1936.69
1587072894, 0, 150, 654, 605, 63, 2.11%, 0, 0, 3, 1946.82
1587072899, 0, 152, 657, 606, 62, 2.11%, 0, 0, 3, 1948.05
1587072904, 0, 158, 657, 604, 68, 2.11%, 0, 0, 3, 1920.40
1587072909, 0, 163, 657, 602, 66, 2.11%, 0, 0, 3, 1923.15
1587072914, 0, 169, 657, 600, 64, 2.11%, 0, 0, 3, 1982.99
1587072919, 0, 182, 657, 597, 61, 2.11%, 0, 0, 3, 1804.50
1587072924, 0, 184, 657, 596, 60, 2.11%, 0, 0, 3, 1885.48
1587072929, 0, 186, 657, 595, 59, 2.11%, 0, 0, 3, 1898.95
1587072934, 0, 188, 657, 594, 58, 2.11%, 0, 0, 3, 1934.94
1587072940, 0, 197, 657, 591, 55, 2.11%, 0, 0, 3, 1930.69
1587072945, 0, 205, 660, 592, 53, 2.11%, 0, 0, 3, 1952.35
1587072950, 0, 213, 662, 592, 52, 2.11%, 0, 0, 3, 1933.24
1587072955, 0, 213, 665, 595, 52, 2.11%, 0, 0, 3, 1914.97
1587072960, 0, 213, 667, 597, 52, 2.11%, 0, 0, 3, 1865.18
1587072970, 0, 226, 667, 596, 51, 2.11%, 0, 0, 3, 1890.28
1587072980, 0, 230, 668, 596, 51, 2.11%, 0, 0, 3, 1903.58
1587072985, 0, 234, 668, 595, 50, 2.11%, 0, 0, 3, 1942.41
1587072990, 0, 238, 668, 593, 48, 2.11%, 0, 0, 3, 1930.03
1587072995, 0, 239, 668, 592, 47, 2.11%, 0, 0, 3, 1904.14
1587073000, 0, 241, 668, 591, 46, 2.11%, 0, 0, 3, 1909.02
1587073005, 0, 243, 668, 590, 45, 2.11%, 0, 0, 3, 1924.56
1587073015, 0, 252, 668, 588, 43, 2.11%, 0, 0, 3, 1922.62
1587073025, 0, 254, 669, 587, 42, 2.11%, 0, 0, 3, 1920.77
1587073030, 0, 255, 669, 586, 41, 2.11%, 0, 0, 3, 1911.19
1587073035, 0, 260, 669, 585, 40, 2.11%, 0, 0, 3, 1922.66
1587073046, 0, 265, 669, 583, 38, 2.11%, 0, 0, 3, 1903.30
1587073051, 0, 269, 669, 581, 36, 2.11%, 0, 0, 3, 1897.44
1587073056, 0, 270, 669, 580, 35, 2.11%, 0, 0, 3, 1923.94
1587073061, 0, 275, 672, 580, 33, 2.12%, 0, 0, 3, 1917.82
1587073066, 0, 277, 672, 578, 31, 2.12%, 0, 0, 3, 1909.76
1587073076, 0, 280, 673, 577, 29, 2.12%, 0, 0, 3, 1912.12
1587073081, 0, 281, 673, 576, 28, 2.12%, 0, 0, 3, 1919.26
1587073086, 0, 292, 674, 575, 27, 2.12%, 0, 0, 3, 1902.03
1587073091, 0, 301, 679, 575, 22, 2.12%, 0, 0, 3, 1881.60
1587073096, 0, 452, 679, 574, 21, 2.12%, 0, 0, 3, 1537.38
1587073304, 0, 467, 680, 574, 21, 2.12%, 0, 0, 3, 1158.86
1587073537, 0, 467, 681, 575, 21, 2.12%, 0, 0, 3, 1141.66
1587073542, 0, 492, 682, 575, 21, 2.12%, 0, 0, 3, 1171.93
1587073821, 0, 525, 683, 575, 21, 2.12%, 0, 0, 3, 1017.21
1587074054, 0, 525, 684, 576, 21, 2.12%, 0, 0, 3, 1113.30
1587074160, 0, 530, 684, 575, 20, 2.12%, 0, 0, 3, 1087.06
1587074201, 0, 530, 685, 576, 20, 2.12%, 0, 0, 3, 1247.30
1587074271, 0, 574, 685, 575, 19, 2.12%, 0, 0, 3, 1096.88
1587074277, 0, 574, 687, 577, 19, 2.12%, 0, 0, 3, 996.23
1587074510, 0, 574, 688, 578, 19, 2.12%, 0, 0, 3, 1114.62
1587074621, 0, 580, 688, 577, 19, 2.12%, 0, 0, 3, 1051.90
1587074961, 0, 583, 688, 576, 19, 2.12%, 0, 0, 3, 1156.44
1587075159, 0, 621, 688, 575, 19, 2.12%, 0, 0, 3, 1173.34
1587075266, 0, 630, 688, 574, 18, 2.12%, 0, 0, 3, 1123.41
1587075575, 0, 630, 689, 575, 18, 2.12%, 0, 0, 3, 1089.84
1587075580, 0, 637, 690, 575, 17, 2.12%, 0, 0, 3, 1134.99
1587075620, 0, 637, 691, 576, 17, 2.12%, 0, 0, 3, 1251.00
1587075682, 0, 639, 691, 575, 17, 2.12%, 0, 0, 3, 1758.27
1587075687, 0, 640, 691, 574, 16, 2.12%, 0, 0, 3, 1866.09
1587075692, 0, 641, 691, 573, 15, 2.12%, 0, 0, 3, 1978.31
1587075697, 0, 642, 691, 572, 14, 2.12%, 0, 0, 3, 2000.22
1587075702, 0, 643, 691, 571, 13, 2.12%, 0, 0, 3, 1951.34
1587075707, 0, 645, 691, 570, 12, 2.12%, 0, 0, 3, 1936.07
1587075712, 0, 647, 693, 571, 13, 2.12%, 0, 0, 4, 1941.51
1587075717, 0, 655, 694, 569, 11, 2.12%, 0, 0, 4, 2057.24
1587075722, 0, 664, 695, 568, 9, 2.12%, 0, 0, 4, 2080.15
1587075727, 0, 667, 695, 567, 8, 2.12%, 0, 0, 4, 1883.76
1587075737, 0, 670, 696, 566, 7, 2.13%, 0, 0, 4, 1924.65
1587075748, 0, 685, 696, 564, 6, 2.13%, 0, 0, 4, 1551.46
