# unix_time, cycles_done, cur_path, paths_total, pending_total, pending_favs, map_size, unique_crashes, unique_hangs, max_depth, execs_per_sec
1587047928, 0, 0, 36, 36, 24, 1.67%, 0, 0, 1, 0.00
1587047933, 0, 0, 153, 153, 24, 1.88%, 0, 0, 2, 6207.76
1587047938, 0, 1, 186, 185, 75, 1.91%, 0, 0, 2, 6436.08
1587047943, 0, 5, 203, 200, 76, 1.94%, 0, 0, 2, 6532.37
1587047948, 0, 10, 215, 209, 79, 1.95%, 0, 0, 2, 6459.12
1587047953, 0, 26, 227, 214, 79, 1.98%, 0, 0, 2, 6556.56
1587047958, 0, 33, 272, 254, 74, 1.99%, 0, 0, 2, 6103.03
1587047963, 0, 33, 528, 510, 74, 2.04%, 0, 0, 2, 3980.98
1587047968, 0, 33, 532, 514, 74, 2.05%, 0, 0, 2, 3741.00
1587047973, 0, 33, 546, 528, 74, 2.06%, 0, 0, 2, 4059.33
1587047978, 0, 33, 549, 531, 74, 2.06%, 0, 0, 2, 3512.71
1587047983, 0, 33, 554, 536, 74, 2.06%, 0, 0, 2, 3389.74
1587047989, 0, 33, 555, 537, 74, 2.06%, 0, 0, 2, 3286.89
1587047994, 0, 33, 559, 541, 74, 2.06%, 0, 0, 2, 3722.23
1587048019, 0, 33, 560, 542, 74, 2.06%, 0, 0, 2, 3822.00
1587048024, 0, 33, 597, 579, 74, 2.06%, 0, 0, 2, 4322.34
1587048029, 0, 53, 603, 582, 95, 2.06%, 0, 0, 3, 5827.19
1587048035, 0, 63, 606, 580, 91, 2.07%, 0, 0, 3, 6425.54
1587048040, 0, 96, 609, 574, 82, 2.07%, 0, 0, 3, 6557.07
1587048045, 0, 123, 616, 571, 76, 2.08%, 0, 0, 3, 6695.09
1587048050, 0, 135, 622, 570, 70, 2.08%, 0, 0, 3, 6651.81
1587048055, 0, 147, 625, 566, 64, 2.08%, 0, 0, 3, 6436.32
1587048060, 0, 167, 627, 561, 58, 2.08%, 0, 0, 3, 6383.44
1587048065, 0, 188, 628, 554, 51, 2.08%, 0, 0, 3, 6451.22
1587048070, 0, 209, 628, 547, 44, 2.08%, 0, 0, 3, 6488.88
1587048075, 0, 217, 631, 545, 39, 2.08%, 1, 0, 3, 6434.26
1587048080, 0, 251, 632, 543, 36, 2.08%, 1, 0, 3, 5412.64
1587048090, 0, 256, 632, 542, 35, 2.08%, 1, 0, 3, 4903.19
1587048100, 0, 257, 632, 541, 34, 2.08%, 1, 0, 3, 4934.10
1587048110, 0, 258, 632, 540, 33, 2.08%, 1, 0, 3, 4863.26
1587048125, 0, 302, 632, 539, 32, 2.08%, 1, 0, 3, 4719.82
1587048140, 0, 346, 632, 538, 32, 2.08%, 1, 0, 3, 4610.82
1587048161, 0, 388, 632, 537, 31, 2.08%, 1, 0, 3, 4410.62
1587048191, 0, 415, 633, 537, 30, 2.08%, 1, 0, 3, 4388.15
1587048222, 0, 416, 633, 536, 29, 2.08%, 1, 0, 3, 4349.64
1587048252, 0, 418, 633, 535, 28, 2.08%, 1, 0, 3, 4446.24
1587048258, 0, 418, 634, 536, 28, 2.09%, 1, 0, 3, 4392.32
1587048273, 0, 418, 635, 537, 28, 2.10%, 1, 0, 3, 4462.21
1587048283, 0, 481, 635, 536, 29, 2.10%, 1, 0, 3, 4401.94
1587048288, 0, 481, 637, 538, 29, 2.10%, 1, 0, 3, 3684.88
1587048293, 0, 481, 638, 539, 29, 2.10%, 1, 0, 3, 3772.48
1587048349, 0, 504, 640, 540, 29, 2.10%, 1, 0, 3, 4035.53
1587048405, 0, 522, 642, 541, 29, 2.10%, 1, 0, 3, 4022.03
1587048466, 0, 522, 643, 542, 29, 2.10%, 1, 0, 3, 3964.71
1587048471, 0, 526, 643, 541, 28, 2.10%, 1, 0, 3, 4434.46
1587048481, 0, 526, 644, 542, 28, 2.10%, 1, 0, 3, 4910.52
1587048486, 0, 528, 645, 542, 28, 2.10%, 1, 0, 3, 4347.16
1587048542, 0, 540, 645, 541, 28, 2.10%, 1, 0, 3, 4195.87
1587048557, 0, 545, 647, 542, 27, 2.10%, 1, 0, 3, 4101.54
1587048567, 0, 545, 648, 543, 27, 2.10%, 1, 0, 3, 3743.36
1587048588, 0, 545, 649, 544, 27, 2.10%, 1, 0, 3, 3191.94
1587048623, 0, 549, 650, 544, 27, 2.10%, 1, 0, 3, 3585.38
1587048643, 0, 549, 651, 545, 27, 2.10%, 1, 0, 3, 3487.59
1587048684, 0, 552, 651, 544, 27, 2.10%, 1, 0, 3, 4052.28
1587048720, 0, 570, 652, 544, 27, 2.10%, 1, 0, 3, 4890.69
1587048725, 0, 574, 652, 543, 26, 2.10%, 1, 0, 3, 4912.85
1587048745, 0, 577, 652, 542, 25, 2.10%, 1, 0, 3, 4543.22
1587048766, 0, 582, 652, 541, 24, 2.10%, 1, 0, 3, 4631.40
1587048781, 0, 584, 652, 540, 23, 2.10%, 1, 0, 3, 4242.54
1587048786, 0, 584, 653, 541, 23, 2.10%, 1, 0, 3, 3635.83
1587048842, 0, 593, 653, 540, 22, 2.10%, 1, 0, 3, 4145.67
1587048862, 0, 603, 653, 539, 21, 2.10%, 1, 0, 3, 5291.68
1587048867, 0, 626, 655, 531, 12, 2.10%, 1, 0, 4, 6312.29
1587048872, 0, 633, 657, 531, 10, 2.10%, 1, 0, 4, 4912.18
1587048903, 0, 634, 658, 531, 9, 2.10%, 1, 0, 4, 4315.30
1587048908, 0, 634, 659, 532, 9, 2.10%, 1, 0, 4, 4111.31
1587048964, 0, 637, 659, 531, 9, 2.10%, 1, 0, 4, 3533.07
1587049025, 0, 643, 659, 530, 8, 2.10%, 1, 0, 4, 4007.53
1587049030, 0, 643, 661, 532, 8, 2.10%, 1, 0, 4, 4543.85
1587049035, 0, 643, 662, 533, 8, 2.10%, 1, 0, 4, 4709.72
1587049040, 0, 644, 662, 532, 8, 2.10%, 1, 0, 4, 4733.06
1587049101, 0, 645, 662, 531, 7, 2.10%, 1, 0, 4, 3765.56
1587049167, 0, 648, 664, 532, 6, 2.10%, 1, 0, 4, 3450.84
1587049198, 0, 648, 666, 534, 6, 2.11%, 1, 0, 4, 3509.51
1587049228, 0, 650, 667, 534, 5, 2.11%, 1, 0, 4, 3724.77
1587049258, 0, 650, 668, 535, 5, 2.11%, 1, 0, 4, 3255.21
1587049294, 0, 651, 668, 534, 5, 2.11%, 1, 0, 4, 4451.52
1587049304, 0, 658, 670, 534, 3, 2.11%, 1, 0, 5, 4653.50
1587049365, 0, 664, 671, 534, 2, 2.11%, 1, 0, 5, 3591.15
1587049426, 0, 667, 671, 533, 2, 2.11%, 1, 0, 5, 3871.31
1587049441, 0, 667, 672, 534, 2, 2.11%, 1, 0, 5, 3946.31
1587049492, 0, 670, 673, 534, 2, 2.11%, 1, 0, 5, 3662.79
1587049497, 0, 670, 677, 538, 2, 2.11%, 1, 0, 6, 3532.45
1587049528, 0, 670, 678, 539, 2, 2.11%, 1, 0, 6, 3933.38
1587049558, 0, 672, 680, 540, 1, 2.11%, 1, 0, 6, 3571.93
1587049619, 0, 679, 680, 539, 1, 2.11%, 1, 0, 6, 3761.97
1587049680, 0, 680, 682, 540, 1, 2.11%, 1, 0, 7, 3956.71
1587049685, 0, 680, 683, 541, 1, 2.11%, 1, 0, 8, 3604.57
1587049740, 0, 680, 686, 544, 1, 2.11%, 1, 0, 8, 4060.99
1587049746, 1, 34, 692, 545, 0, 2.11%, 1, 0, 8, 5743.56
1587049751, 1, 38, 695, 546, 0, 2.11%, 1, 0, 8, 6174.50
1587049756, 1, 73, 695, 541, 0, 2.11%, 1, 0, 8, 6602.46
1587049761, 1, 90, 695, 536, 0, 2.11%, 1, 0, 8, 6588.96
1587049766, 1, 316, 698, 534, 1, 2.11%, 1, 0, 8, 4995.10
1587049832, 1, 401, 699, 534, 1, 2.11%, 1, 0, 8, 3575.94
1587049837, 1, 401, 700, 535, 1, 2.11%, 1, 0, 8, 3667.16
1587049857, 1, 401, 701, 536, 1, 2.11%, 1, 0, 8, 3330.40
1587049892, 1, 401, 706, 541, 1, 2.11%, 1, 0, 8, 4180.72
1587049897, 1, 411, 711, 545, 1, 2.11%, 1, 0, 8, 4402.63
1587049928, 1, 506, 711, 544, 1, 2.11%, 1, 0, 8, 4001.73
1587049933, 1, 506, 712, 545, 1, 2.11%, 1, 0, 8, 3767.81
1587049994, 1, 697, 712, 544, 1, 2.11%, 1, 0, 8, 5766.82
1587049999, 1, 713, 714, 544, 1, 2.12%, 1, 0, 8, 6329.88
1587050009, 2, 42, 718, 544, 0, 2.12%, 1, 0, 8, 6523.07
1587050014, 2, 64, 719, 541, 0, 2.12%, 1, 0, 8, 6654.48
1587050019, 2, 103, 719, 535, 0, 2.12%, 1, 0, 8, 6699.25
1587050024, 2, 127, 720, 532, 0, 2.12%, 1, 0, 8, 6708.26
1587050029, 2, 168, 721, 528, 0, 2.12%, 1, 0, 8, 6661.06
1587050034, 2, 218, 721, 521, 0, 2.12%, 1, 0, 8, 6414.02
1587050039, 2, 232, 722, 520, 0, 2.12%, 1, 0, 8, 5425.66
1587050049, 2, 233, 723, 520, 0, 2.12%, 1, 0, 8, 5031.53
1587050060, 2, 234, 724, 520, 0, 2.12%, 1, 0, 8, 5019.50
1587050070, 2, 236, 724, 519, 0, 2.12%, 1, 0, 8, 4964.71
1587050080, 2, 242, 724, 518, 0, 2.12%, 1, 0, 8, 5036.97
1587050090, 2, 248, 724, 517, 0, 2.12%, 1, 0, 8, 4985.15
1587050100, 2, 252, 724, 516, 0, 2.12%, 1, 0, 8, 4986.82
1587050111, 2, 254, 724, 515, 0, 2.12%, 1, 0, 8, 4993.84
1587050121, 2, 255, 724, 514, 0, 2.12%, 1, 0, 8, 4981.25
1587050131, 2, 259, 724, 513, 0, 2.12%, 1, 0, 8, 4993.38
1587050146, 2, 263, 724, 512, 0, 2.12%, 1, 0, 8, 4961.55
1587050156, 2, 264, 724, 511, 0, 2.12%, 1, 0, 8, 4945.45
1587050166, 2, 267, 724, 510, 0, 2.12%, 1, 0, 8, 4956.99
1587050182, 2, 271, 724, 509, 0, 2.12%, 1, 0, 8, 4915.87
1587050192, 2, 272, 724, 508, 0, 2.12%, 1, 0, 8, 4961.59
1587050207, 2, 274, 724, 507, 0, 2.12%, 1, 0, 8, 4160.01
1587050273, 2, 430, 744, 526, 5, 2.12%, 1, 0, 8, 4328.22
1587050304, 2, 430, 745, 527, 5, 2.12%, 1, 0, 8, 3253.42
1587050339, 2, 509, 745, 526, 5, 2.12%, 1, 0, 8, 3948.99
1587050400, 2, 732, 748, 527, 5, 2.12%, 1, 0, 8, 4825.62
1587050410, 2, 732, 752, 531, 5, 2.12%, 1, 0, 8, 5685.12
1587050415, 2, 737, 753, 531, 5, 2.12%, 1, 0, 8, 5671.51
1587050420, 2, 741, 754, 531, 6, 2.12%, 1, 0, 8, 5705.63
1587050425, 2, 741, 755, 532, 6, 2.12%, 1, 0, 8, 4968.12
1587050446, 2, 747, 756, 532, 6, 2.12%, 1, 0, 8, 5132.00
1587050456, 2, 752, 756, 531, 5, 2.12%, 1, 0, 8, 5598.46
1587050466, 2, 752, 761, 536, 5, 2.13%, 1, 0, 8, 5860.40
1587050471, 2, 754, 763, 536, 5, 2.13%, 1, 0, 8, 5546.82
1587050497, 2, 761, 763, 534, 3, 2.13%, 1, 0, 8, 5745.58
1587050502, 3, 176, 763, 528, 0, 2.13%, 1, 0, 8, 6496.35
1587050507, 3, 245, 763, 523, 0, 2.13%, 1, 0, 8, 5901.78
1587050517, 3, 247, 763, 522, 0, 2.13%, 1, 0, 8, 5079.15
1587050527, 3, 261, 763, 521, 0, 2.13%, 1, 0, 8, 5044.65
1587050542, 3, 266, 763, 520, 0, 2.13%, 1, 0, 8, 4942.08
1587050552, 3, 269, 763, 519, 0, 2.13%, 1, 0, 8, 4535.22
1587050618, 3, 270, 763, 518, 0, 2.13%, 1, 0, 8, 3574.54
1587050679, 3, 276, 763, 517, 0, 2.13%, 1, 0, 8, 3890.07
1587050695, 3, 281, 763, 516, 0, 2.13%, 1, 0, 8, 4920.05
1587050710, 3, 283, 763, 515, 0, 2.13%, 1, 0, 8, 4860.40
1587050725, 3, 284, 763, 514, 0, 2.13%, 1, 0, 8, 4823.65
1587050736, 3, 294, 763, 513, 0, 2.13%, 1, 0, 8, 4908.08
1587050751, 3, 299, 763, 512, 0, 2.13%, 1, 0, 8, 4463.52
1587050817, 3, 301, 763, 511, 0, 2.13%, 1, 0, 8, 4491.43
1587050832, 3, 304, 763, 510, 0, 2.13%, 1, 0, 8, 3906.81
1587050893, 3, 306, 763, 509, 0, 2.13%, 1, 0, 8, 3899.62
1587050913, 3, 307, 763, 508, 0, 2.13%, 1, 0, 8, 4790.97
1587050929, 3, 312, 763, 507, 0, 2.13%, 1, 0, 8, 4801.84
1587050944, 3, 313, 763, 506, 0, 2.13%, 1, 0, 8, 4779.40
1587050959, 3, 320, 763, 505, 0, 2.13%, 1, 0, 8, 4812.18
1587050980, 3, 327, 764, 505, 0, 2.13%, 1, 0, 8, 4722.36
1587051000, 3, 328, 764, 504, 0, 2.13%, 1, 0, 8, 3851.63
1587051061, 3, 337, 764, 503, 0, 2.13%, 1, 0, 8, 4153.45
1587051081, 3, 351, 764, 502, 0, 2.13%, 1, 0, 8, 4725.97
1587051107, 3, 355, 765, 502, 0, 2.13%, 1, 0, 8, 4615.21
1587051127, 3, 356, 765, 501, 0, 2.13%, 1, 0, 8, 4211.90
1587051193, 3, 358, 765, 500, 0, 2.13%, 1, 0, 8, 4152.53
1587051218, 3, 361, 765, 499, 0, 2.13%, 1, 0, 8, 4471.85
1587051239, 3, 362, 765, 498, 0, 2.13%, 1, 0, 8, 4655.18
1587051264, 3, 364, 765, 497, 0, 2.13%, 1, 0, 8, 4621.90
1587051290, 3, 367, 765, 496, 0, 2.13%, 1, 0, 8, 4608.60
1587051315, 3, 368, 765, 495, 0, 2.13%, 1, 0, 8, 4614.26
1587051346, 3, 369, 765, 494, 0, 2.13%, 1, 0, 8, 4450.72
1587051371, 3, 371, 765, 493, 0, 2.13%, 1, 0, 8, 4465.50
1587051397, 3, 372, 765, 492, 0, 2.13%, 1, 0, 8, 4469.57
1587051428, 3, 378, 765, 491, 0, 2.13%, 1, 0, 8, 4533.34
1587051453, 3, 390, 765, 490, 0, 2.13%, 1, 0, 8, 4572.65
1587051484, 3, 394, 765, 489, 0, 2.13%, 1, 0, 8, 4341.67
1587051489, 3, 394, 766, 490, 0, 2.13%, 1, 0, 8, 3688.84
