# unix_time, cycles_done, cur_path, paths_total, pending_total, pending_favs, map_size, unique_crashes, unique_hangs, max_depth, execs_per_sec
1586897438, 0, 0, 1, 1, 1, 5.82%, 0, 0, 1, 444.44
1586897443, 0, 0, 4, 4, 1, 5.82%, 0, 0, 2, 1142.09
1586897453, 0, 0, 5, 5, 1, 5.82%, 0, 0, 2, 1318.56
1586897458, 0, 0, 9, 9, 1, 5.82%, 0, 0, 2, 1327.66
1586897463, 0, 0, 10, 10, 1, 5.83%, 0, 0, 2, 1339.95
1586897473, 0, 3, 10, 9, 5, 5.83%, 0, 0, 2, 1319.77
1586897494, 0, 4, 10, 8, 4, 5.83%, 0, 0, 2, 1666.43
1586897509, 0, 5, 10, 7, 3, 5.83%, 0, 0, 2, 1423.02
1586897529, 0, 7, 10, 6, 2, 5.83%, 0, 0, 2, 1306.34
1586897550, 0, 8, 10, 5, 2, 5.83%, 0, 0, 2, 1573.74
1586897560, 1, 1, 10, 3, 0, 5.83%, 0, 0, 2, 1802.32
1586897575, 1, 2, 10, 2, 0, 5.83%, 0, 0, 2, 1524.90
1586897595, 1, 6, 10, 1, 0, 5.83%, 0, 0, 2, 1355.33
1586897605, 2, 3, 10, 0, 0, 5.83%, 0, 0, 2, 1445.23
1586897610, 3, 7, 10, 0, 0, 5.83%, 0, 0, 2, 1445.79
1586897616, 5, 3, 10, 0, 0, 5.83%, 0, 0, 2, 1493.13
1586897621, 6, 7, 10, 0, 0, 5.83%, 0, 0, 2, 1491.97
1586897626, 8, 2, 10, 0, 0, 5.83%, 0, 0, 2, 1470.30
1586897631, 9, 6, 10, 0, 0, 5.83%, 0, 0, 2, 1451.33
1586897636, 11, 0, 10, 0, 0, 5.83%, 0, 0, 2, 1411.66
1586897641, 12, 4, 10, 0, 0, 5.83%, 0, 0, 2, 1455.40
1586897646, 13, 8, 10, 0, 0, 5.83%, 0, 0, 2, 1406.06
1586897651, 15, 3, 10, 0, 0, 5.83%, 0, 0, 2, 1407.65
1586897656, 16, 7, 10, 0, 0, 5.83%, 0, 0, 2, 1457.07
1586897661, 18, 2, 10, 0, 0, 5.83%, 0, 0, 2, 1521.68
1586897667, 19, 6, 10, 0, 0, 5.83%, 0, 0, 2, 1510.70
1586897672, 21, 2, 10, 0, 0, 5.83%, 0, 0, 2, 1541.21
1586897677, 22, 6, 10, 0, 0, 5.83%, 0, 0, 2, 1498.28
1586897682, 24, 1, 10, 0, 0, 5.83%, 0, 0, 2, 1515.57
1586897687, 25, 5, 10, 0, 0, 5.83%, 0, 0, 2, 1510.08
1586897692, 27, 0, 10, 0, 0, 5.83%, 0, 0, 2, 1520.26
1586897697, 28, 5, 10, 0, 0, 5.83%, 0, 0, 2, 1506.06
1586897702, 30, 0, 10, 0, 0, 5.83%, 0, 0, 2, 1524.02
1586897707, 31, 5, 10, 0, 0, 5.83%, 0, 0, 2, 1522.13
1586897712, 33, 0, 10, 0, 0, 5.83%, 0, 0, 2, 1526.67
1586897717, 34, 5, 10, 0, 0, 5.83%, 0, 0, 2, 1517.61
1586897722, 36, 0, 10, 0, 0, 5.83%, 0, 0, 2, 1515.03
1586897727, 37, 4, 10, 0, 0, 5.83%, 0, 0, 2, 1508.54
1586897732, 38, 7, 10, 0, 0, 5.83%, 0, 0, 2, 1467.31
1586897737, 40, 3, 10, 0, 0, 5.83%, 0, 0, 2, 1489.53
1586897742, 41, 8, 10, 0, 0, 5.83%, 0, 0, 2, 1496.52
1586897747, 43, 3, 10, 0, 0, 5.83%, 0, 0, 2, 1499.56
1586897752, 44, 7, 10, 0, 0, 5.83%, 0, 0, 2, 1471.74
1586897757, 46, 3, 10, 0, 0, 5.83%, 0, 0, 2, 1504.94
1586897762, 47, 7, 10, 0, 0, 5.83%, 0, 0, 2, 1488.93
1586897767, 49, 3, 10, 0, 0, 5.83%, 0, 0, 2, 1519.57
1586897773, 50, 7, 10, 0, 0, 5.83%, 0, 0, 2, 1482.05
1586897778, 52, 3, 10, 0, 0, 5.83%, 0, 0, 2, 1500.62
1586897783, 53, 7, 10, 0, 0, 5.83%, 0, 0, 2, 1489.38
1586897788, 55, 4, 10, 0, 0, 5.83%, 0, 0, 2, 1509.01
1586897793, 56, 8, 10, 0, 0, 5.83%, 0, 0, 2, 1479.52
1586897798, 58, 4, 10, 0, 0, 5.83%, 0, 0, 2, 1502.45
1586897803, 59, 8, 10, 0, 0, 5.83%, 0, 0, 2, 1508.42
1586897808, 61, 4, 10, 0, 0, 5.83%, 0, 0, 2, 1513.04
1586897813, 62, 8, 10, 0, 0, 5.83%, 0, 0, 2, 1472.06
1586897818, 64, 3, 10, 0, 0, 5.83%, 0, 0, 2, 1461.12
1586897823, 65, 7, 10, 0, 0, 5.83%, 0, 0, 2, 1442.84
1586897828, 67, 2, 10, 0, 0, 5.83%, 0, 0, 2, 1504.63
1586897833, 68, 7, 10, 0, 0, 5.83%, 0, 0, 2, 1487.16
1586897838, 70, 3, 10, 0, 0, 5.83%, 0, 0, 2, 1521.46
1586897843, 71, 6, 10, 0, 0, 5.83%, 0, 0, 2, 1491.29
1586897848, 73, 2, 10, 0, 0, 5.83%, 0, 0, 2, 1523.16
1586897853, 74, 7, 10, 0, 0, 5.83%, 0, 0, 2, 1478.27
1586897858, 76, 3, 10, 0, 0, 5.83%, 0, 0, 2, 1527.24
1586897863, 77, 7, 10, 0, 0, 5.83%, 0, 0, 2, 1496.54
1586897868, 79, 2, 10, 0, 0, 5.83%, 0, 0, 2, 1524.99
1586897874, 80, 7, 10, 0, 0, 5.83%, 0, 0, 2, 1501.77
1586897879, 82, 2, 10, 0, 0, 5.83%, 0, 0, 2, 1520.08
1586897884, 83, 7, 10, 0, 0, 5.83%, 0, 0, 2, 1493.67
1586897889, 85, 2, 10, 0, 0, 5.83%, 0, 0, 2, 1520.91
1586897894, 86, 6, 10, 0, 0, 5.83%, 0, 0, 2, 1497.82
1586897899, 88, 2, 10, 0, 0, 5.83%, 0, 0, 2, 1528.39
1586897904, 89, 6, 10, 0, 0, 5.83%, 0, 0, 2, 1513.99
1586897909, 91, 2, 10, 0, 0, 5.83%, 0, 0, 2, 1530.84
1586897914, 92, 6, 10, 0, 0, 5.83%, 0, 0, 2, 1503.98
1586897919, 94, 1, 10, 0, 0, 5.83%, 0, 0, 2, 1510.48
1586897924, 95, 6, 10, 0, 0, 5.83%, 0, 0, 2, 1516.70
1586897930, 97, 2, 10, 0, 0, 5.83%, 0, 0, 2, 1527.40
1586897935, 98, 6, 10, 0, 0, 5.83%, 0, 0, 2, 1515.69
1586897940, 100, 1, 10, 0, 0, 5.83%, 0, 0, 2, 1537.06
1586897945, 101, 6, 10, 0, 0, 5.83%, 0, 0, 2, 1498.26
1586897950, 103, 2, 10, 0, 0, 5.83%, 0, 0, 2, 1521.58
1586897955, 104, 6, 10, 0, 0, 5.83%, 0, 0, 2, 1506.20
1586897960, 106, 2, 10, 0, 0, 5.83%, 0, 0, 2, 1527.80
1586897965, 107, 6, 10, 0, 0, 5.83%, 0, 0, 2, 1512.95
1586897970, 109, 2, 10, 0, 0, 5.83%, 0, 0, 2, 1525.60
1586897975, 110, 6, 10, 0, 0, 5.83%, 0, 0, 2, 1515.68
1586897980, 112, 1, 10, 0, 0, 5.83%, 0, 0, 2, 1505.37
1586897985, 113, 5, 10, 0, 0, 5.83%, 0, 0, 2, 1514.26
1586897990, 115, 0, 10, 0, 0, 5.83%, 0, 0, 2, 1520.55
1586897995, 116, 5, 10, 0, 0, 5.83%, 0, 0, 2, 1506.15
1586898000, 117, 8, 10, 0, 0, 5.83%, 0, 0, 2, 1464.30
1586898005, 119, 3, 10, 0, 0, 5.83%, 0, 0, 2, 1427.24
1586898011, 120, 7, 10, 0, 0, 5.83%, 0, 0, 2, 1424.18
1586898016, 122, 2, 10, 0, 0, 5.83%, 0, 0, 2, 1450.54
1586898021, 123, 6, 10, 0, 0, 5.83%, 0, 0, 2, 1442.46
1586898026, 125, 1, 10, 0, 0, 5.83%, 0, 0, 2, 1503.15
1586898031, 126, 5, 10, 0, 0, 5.83%, 0, 0, 2, 1503.21
1586898036, 128, 0, 10, 0, 0, 5.83%, 0, 0, 2, 1482.70
1586898041, 128, 6, 30, 20, 0, 5.83%, 0, 0, 3, 1533.04
1586898046, 128, 19, 32, 22, 1, 5.83%, 0, 0, 3, 1572.13
1586898072, 128, 19, 33, 23, 1, 5.83%, 0, 0, 4, 1703.92
1586898077, 128, 29, 33, 22, 0, 5.83%, 0, 0, 4, 749.69
