# unix_time, cycles_done, cur_path, paths_total, pending_total, pending_favs, map_size, unique_crashes, unique_hangs, max_depth, execs_per_sec
1586918264, 0, 0, 1, 1, 1, 0.33%, 0, 0, 1, 0.00
1586918274, 0, 0, 6, 6, 1, 0.33%, 0, 0, 2, 2117.82
1586918289, 0, 2, 6, 5, 2, 0.33%, 0, 0, 2, 2173.38
1586918300, 0, 5, 6, 4, 1, 0.33%, 0, 0, 2, 2189.74
1586918305, 0, 5, 7, 5, 1, 0.33%, 0, 0, 3, 2199.41
1586918310, 1, 1, 7, 3, 0, 0.33%, 0, 0, 3, 2187.66
1586918315, 1, 3, 7, 2, 0, 0.33%, 0, 0, 3, 2199.45
1586918320, 2, 0, 11, 4, 0, 0.34%, 0, 0, 3, 2175.09
1586918325, 2, 11, 12, 5, 1, 0.35%, 0, 0, 3, 1995.70
1586918757, 2, 11, 13, 6, 1, 0.35%, 0, 0, 3, 1846.15
1586918762, 3, 12, 15, 7, 0, 0.35%, 0, 0, 3, 1779.97
1586919765, 4, 8, 15, 6, 0, 0.35%, 0, 0, 3, 1663.83
1586919780, 4, 9, 15, 5, 0, 0.35%, 0, 0, 3, 2127.68
1586920226, 5, 7, 15, 4, 0, 0.35%, 0, 0, 3, 1924.06
1586920458, 6, 6, 15, 3, 0, 0.35%, 0, 0, 3, 1948.99
1586920463, 7, 10, 15, 3, 0, 0.35%, 0, 0, 3, 2045.00
1586920561, 7, 11, 15, 2, 0, 0.35%, 0, 0, 3, 2017.80
1586920566, 7, 14, 15, 2, 0, 0.35%, 0, 0, 3, 1553.64
