# unix_time, cycles_done, cur_path, paths_total, pending_total, pending_favs, map_size, unique_crashes, unique_hangs, max_depth, execs_per_sec
1587051933, 0, 0, 905, 905, 2, 0.01%, 0, 0, 1, 6671.56
1587051939, 0, 42, 905, 905, 2, 0.01%, 0, 0, 1, 12700.74
1587051944, 0, 61, 905, 904, 2, 0.01%, 0, 0, 1, 16186.65
1587051949, 0, 401, 905, 899, 0, 0.01%, 0, 0, 1, 16099.53
1587051959, 0, 423, 905, 897, 0, 0.01%, 0, 0, 1, 13930.09
1587051969, 0, 445, 905, 895, 0, 0.01%, 0, 0, 1, 17644.67
1587051979, 0, 495, 905, 893, 0, 0.01%, 0, 0, 1, 16115.99
1587051989, 0, 498, 905, 892, 0, 0.01%, 0, 0, 1, 18028.66
1587051994, 0, 545, 905, 890, 0, 0.01%, 0, 0, 1, 14989.83
1587052005, 0, 556, 905, 889, 0, 0.01%, 0, 0, 1, 14578.51
1587052015, 0, 569, 905, 888, 0, 0.01%, 0, 0, 1, 14408.63
1587052025, 0, 583, 905, 886, 0, 0.01%, 0, 0, 1, 14692.31
1587052035, 0, 603, 905, 885, 0, 0.01%, 0, 0, 1, 19941.75
1587052040, 0, 742, 905, 880, 0, 0.01%, 0, 0, 1, 27386.78
1587052045, 0, 810, 905, 878, 0, 0.01%, 0, 0, 1, 24107.26
1587052050, 0, 822, 905, 877, 0, 0.01%, 0, 0, 1, 16442.68
1587052061, 0, 861, 905, 874, 0, 0.01%, 0, 0, 1, 22653.92
1587052066, 0, 871, 905, 873, 0, 0.01%, 0, 0, 1, 17407.07
1587052071, 0, 873, 905, 872, 0, 0.01%, 0, 0, 1, 17443.88
1587052086, 0, 885, 905, 870, 0, 0.01%, 0, 0, 1, 15014.92
1587052096, 1, 0, 905, 869, 0, 0.01%, 0, 0, 1, 13946.22
1587052116, 1, 18, 905, 865, 0, 0.01%, 0, 0, 1, 23669.63
1587052142, 1, 21, 905, 864, 0, 0.01%, 0, 0, 1, 14067.19
1587052152, 1, 25, 905, 862, 0, 0.01%, 0, 0, 1, 18651.30
1587052167, 1, 26, 905, 861, 0, 0.01%, 0, 0, 1, 13263.36
1587052177, 1, 35, 905, 858, 0, 0.01%, 0, 0, 1, 16687.99
1587052187, 1, 40, 905, 857, 0, 0.01%, 0, 0, 1, 14288.83
1587052192, 1, 44, 905, 855, 0, 0.01%, 0, 0, 1, 20049.10
1587052197, 1, 50, 905, 854, 0, 0.01%, 0, 0, 1, 15800.99
1587052208, 1, 57, 905, 852, 0, 0.01%, 0, 0, 1, 11912.81
1587052223, 1, 66, 905, 850, 0, 0.01%, 0, 0, 1, 16156.16
1587052228, 1, 69, 905, 849, 0, 0.01%, 0, 0, 1, 18030.16
1587052233, 1, 78, 905, 847, 0, 0.01%, 0, 0, 1, 19972.55
1587052243, 1, 84, 905, 846, 0, 0.01%, 0, 0, 1, 16245.23
1587052254, 1, 86, 905, 845, 0, 0.01%, 0, 0, 1, 18016.95
1587052259, 1, 92, 905, 844, 0, 0.01%, 0, 0, 1, 15423.15
1587052269, 1, 96, 905, 842, 0, 0.01%, 0, 0, 1, 16520.91
1587052284, 1, 98, 905, 841, 0, 0.01%, 0, 0, 1, 17159.62
1587052289, 1, 99, 905, 840, 0, 0.01%, 0, 0, 1, 16132.89
1587052299, 1, 103, 905, 839, 0, 0.01%, 0, 0, 1, 15203.95
1587052309, 1, 106, 905, 838, 0, 0.01%, 0, 0, 1, 15149.39
1587052320, 1, 107, 905, 837, 0, 0.01%, 0, 0, 1, 14778.44
1587052335, 1, 111, 905, 836, 0, 0.01%, 0, 0, 1, 15695.57
1587052340, 1, 112, 905, 835, 0, 0.01%, 0, 0, 1, 14502.38
1587052350, 1, 113, 905, 834, 0, 0.01%, 0, 0, 1, 14664.88
1587052360, 1, 114, 905, 833, 0, 0.01%, 0, 0, 1, 20144.20
1587052365, 1, 115, 905, 832, 0, 0.01%, 0, 0, 1, 11807.02
1587052381, 1, 117, 905, 831, 0, 0.01%, 0, 0, 1, 14007.48
1587052391, 1, 135, 905, 827, 0, 0.01%, 0, 0, 1, 20412.18
1587052396, 1, 138, 905, 826, 0, 0.01%, 0, 0, 1, 18057.16
1587052406, 1, 161, 905, 824, 0, 0.01%, 0, 0, 1, 18845.41
1587052411, 1, 171, 905, 823, 0, 0.01%, 0, 0, 1, 15470.35
1587052421, 1, 178, 905, 821, 0, 0.01%, 0, 0, 1, 13337.82
1587052431, 1, 196, 905, 816, 0, 0.01%, 0, 0, 1, 28054.27
1587052437, 1, 215, 905, 810, 0, 0.01%, 0, 0, 1, 20632.36
1587052442, 1, 221, 905, 808, 0, 0.01%, 0, 0, 1, 17286.08
1587052447, 1, 232, 905, 805, 0, 0.01%, 0, 0, 1, 22531.45
1587052452, 1, 236, 905, 803, 0, 0.01%, 0, 0, 1, 13803.00
1587052503, 1, 245, 905, 802, 0, 0.01%, 0, 0, 1, 10518.86
1587052518, 1, 249, 905, 801, 0, 0.01%, 0, 0, 1, 12048.84
1587052534, 1, 262, 905, 797, 0, 0.01%, 0, 0, 1, 20080.89
1587052544, 1, 263, 905, 796, 0, 0.01%, 0, 0, 1, 16703.74
1587052549, 1, 279, 905, 793, 0, 0.01%, 0, 0, 1, 18124.88
1587052723, 1, 287, 905, 792, 0, 0.01%, 0, 0, 1, 6409.48
1587052733, 1, 291, 905, 790, 0, 0.01%, 0, 0, 1, 1896.11
1587053437, 1, 292, 905, 789, 0, 0.01%, 0, 0, 1, 7597.45
1587053442, 1, 295, 905, 787, 0, 0.01%, 0, 0, 1, 18299.42
1587053448, 1, 298, 905, 785, 0, 0.01%, 0, 0, 1, 16144.23
1587053458, 1, 299, 905, 784, 0, 0.01%, 0, 0, 1, 14128.20
1587053534, 1, 305, 905, 782, 0, 0.01%, 0, 0, 1, 15746.39
1587053651, 1, 310, 905, 781, 0, 0.01%, 0, 0, 1, 9609.42
1587053656, 1, 311, 905, 780, 0, 0.01%, 0, 0, 1, 15661.60
1587053667, 1, 315, 905, 779, 0, 0.01%, 0, 0, 1, 1700.38
1587053999, 1, 328, 905, 778, 0, 0.01%, 0, 0, 1, 6430.63
1587054019, 1, 333, 905, 776, 0, 0.01%, 0, 0, 1, 17894.23
1587054024, 1, 338, 905, 775, 0, 0.01%, 0, 0, 1, 11174.08
1587054070, 1, 344, 905, 774, 0, 0.01%, 0, 0, 1, 11284.62
1587054080, 1, 359, 905, 771, 0, 0.01%, 0, 0, 1, 14934.00
1587054090, 1, 363, 905, 769, 0, 0.01%, 0, 0, 1, 14974.79
1587054101, 1, 364, 905, 768, 0, 0.01%, 0, 0, 1, 14893.95
1587054111, 1, 372, 905, 767, 0, 0.01%, 0, 0, 1, 14622.49
1587054121, 1, 374, 905, 765, 0, 0.01%, 0, 0, 1, 14636.25
1587054131, 1, 384, 905, 762, 0, 0.01%, 0, 0, 1, 21570.00
1587054141, 1, 385, 905, 761, 0, 0.01%, 0, 0, 1, 17748.73
1587054146, 1, 406, 905, 759, 0, 0.01%, 0, 0, 1, 17476.34
1587054157, 1, 411, 905, 757, 0, 0.01%, 0, 0, 1, 17567.94
1587054162, 1, 427, 905, 755, 0, 0.01%, 0, 0, 1, 21855.57
1587054167, 1, 435, 905, 752, 0, 0.01%, 0, 0, 1, 22045.55
1587054172, 1, 446, 905, 750, 0, 0.01%, 0, 0, 1, 19556.11
1587054177, 1, 454, 905, 749, 0, 0.01%, 0, 0, 1, 15500.39
1587054187, 1, 459, 905, 747, 0, 0.01%, 0, 0, 1, 10263.54
1587054207, 1, 474, 905, 743, 0, 0.01%, 0, 0, 1, 21757.64
1587054478, 1, 481, 905, 740, 0, 0.01%, 0, 0, 1, 17203.84
1587054579, 1, 496, 905, 739, 0, 0.01%, 0, 0, 1, 11049.56
1587054589, 1, 510, 905, 738, 0, 0.01%, 0, 0, 1, 14138.88
1587054599, 1, 513, 905, 737, 0, 0.01%, 0, 0, 1, 14948.31
1587054615, 1, 519, 905, 736, 0, 0.01%, 0, 0, 1, 10012.19
1587054635, 1, 521, 905, 735, 0, 0.01%, 0, 0, 1, 12501.84
1587054645, 1, 528, 905, 734, 0, 0.01%, 0, 0, 1, 16787.79
1587054650, 1, 539, 905, 732, 0, 0.01%, 0, 0, 1, 15067.37
1587054660, 1, 549, 905, 730, 0, 0.01%, 0, 0, 1, 14825.39
1587054670, 1, 558, 905, 728, 0, 0.01%, 0, 0, 1, 24968.60
1587054676, 1, 565, 905, 726, 0, 0.01%, 0, 0, 1, 19609.62
1587054686, 1, 566, 905, 725, 0, 0.01%, 0, 0, 1, 15539.60
1587054696, 1, 567, 905, 724, 0, 0.01%, 0, 0, 1, 18738.09
1587054701, 1, 570, 905, 723, 0, 0.01%, 0, 0, 1, 14219.22
1587054711, 1, 571, 905, 722, 0, 0.01%, 0, 0, 1, 11347.93
1587054829, 1, 596, 905, 716, 0, 0.01%, 0, 0, 1, 37225.93
1587054839, 1, 624, 905, 712, 0, 0.01%, 0, 0, 1, 19661.37
1587054849, 1, 644, 905, 709, 0, 0.01%, 0, 0, 1, 15236.38
1587054859, 1, 649, 905, 707, 0, 0.01%, 0, 0, 1, 14866.75
1587054869, 1, 652, 905, 706, 0, 0.01%, 0, 0, 1, 16528.99
1587054884, 1, 668, 905, 703, 0, 0.01%, 0, 0, 1, 17768.45
1587054889, 1, 672, 905, 702, 0, 0.01%, 0, 0, 1, 22617.28
1587054895, 1, 673, 905, 701, 0, 0.01%, 0, 0, 1, 15998.69
1587054905, 1, 675, 905, 700, 0, 0.01%, 0, 0, 1, 16881.28
1587054910, 1, 681, 905, 697, 0, 0.01%, 0, 0, 1, 11634.55
1587054986, 1, 695, 905, 694, 0, 0.01%, 0, 0, 1, 13795.35
1587054996, 1, 700, 905, 693, 0, 0.01%, 0, 0, 1, 14622.50
1587055006, 1, 711, 905, 691, 0, 0.01%, 0, 0, 1, 17320.26
1587055016, 1, 713, 905, 690, 0, 0.01%, 0, 0, 1, 16974.62
1587055027, 1, 714, 905, 689, 0, 0.01%, 0, 0, 1, 20654.33
1587055032, 1, 718, 905, 687, 0, 0.01%, 0, 0, 1, 1812.66
