# unix_time, cycles_done, cur_path, paths_total, pending_total, pending_favs, map_size, unique_crashes, unique_hangs, max_depth, execs_per_sec
1587068711, 0, 0, 905, 905, 183, 6.81%, 0, 0, 1, 637.25
1587068716, 0, 4, 910, 909, 182, 6.81%, 0, 0, 2, 4173.00
1587068726, 0, 4, 911, 910, 182, 6.81%, 0, 0, 2, 2038.15
1587068752, 0, 4, 912, 911, 182, 6.81%, 0, 0, 2, 1957.10
1587068808, 0, 27, 913, 910, 180, 6.81%, 0, 0, 2, 3418.05
1587068823, 0, 27, 914, 911, 180, 6.81%, 0, 0, 2, 1196.03
1587069011, 0, 29, 915, 910, 178, 6.81%, 0, 0, 2, 1987.23
1587069016, 0, 29, 916, 911, 178, 6.81%, 0, 0, 2, 1314.70
1587069031, 0, 29, 917, 912, 178, 6.81%, 0, 0, 2, 1479.36
1587069194, 0, 55, 917, 910, 177, 6.81%, 0, 0, 2, 4977.55
1587069199, 0, 56, 919, 911, 176, 6.81%, 0, 0, 2, 4018.37
1587069224, 0, 56, 920, 912, 176, 6.81%, 0, 0, 2, 3248.43
1587069240, 0, 58, 920, 911, 176, 6.81%, 0, 0, 2, 2763.67
1587069321, 0, 60, 920, 910, 175, 6.81%, 0, 0, 2, 1798.00
1587069327, 0, 60, 921, 911, 175, 6.81%, 0, 0, 2, 1304.74
1587069515, 0, 61, 921, 910, 175, 6.81%, 0, 0, 2, 1590.13
1587069632, 0, 65, 921, 908, 173, 6.81%, 0, 0, 2, 3692.03
1587069637, 0, 70, 921, 906, 171, 6.81%, 0, 0, 2, 6116.68
1587069835, 0, 71, 921, 905, 170, 6.81%, 0, 0, 2, 1637.01
1587069927, 0, 73, 921, 904, 169, 6.81%, 0, 0, 2, 442.61
1587069937, 0, 73, 922, 905, 169, 6.81%, 0, 0, 2, 508.43
1587069962, 0, 73, 923, 906, 169, 6.81%, 0, 0, 2, 449.60
1587069982, 0, 73, 925, 908, 169, 6.81%, 0, 0, 2, 415.63
1587070114, 0, 73, 926, 909, 169, 6.81%, 0, 0, 2, 398.72
1587072124, 0, 75, 926, 908, 169, 6.81%, 0, 0, 2, 2058.71
1587072210, 0, 77, 926, 907, 168, 6.81%, 0, 0, 2, 4158.22
1587072215, 0, 91, 926, 906, 167, 6.81%, 0, 0, 2, 5587.20
1587072251, 0, 98, 926, 905, 166, 6.81%, 0, 0, 2, 2916.66
