# unix_time, cycles_done, cur_path, paths_total, pending_total, pending_favs, map_size, unique_crashes, unique_hangs, max_depth, execs_per_sec
1586829669, 0, 0, 1, 1, 1, 0.35%, 0, 0, 1, 500.00
1586829674, 0, 0, 4, 4, 1, 0.37%, 0, 0, 2, 1198.61
1586829684, 0, 0, 5, 5, 1, 0.38%, 0, 0, 2, 1375.60
1586829694, 0, 0, 6, 6, 1, 0.38%, 0, 0, 2, 1383.54
1586829704, 0, 0, 7, 7, 1, 0.38%, 0, 0, 2, 1383.16
1586829760, 0, 0, 8, 8, 1, 0.40%, 0, 0, 2, 1380.19
1586829806, 0, 0, 38, 38, 1, 0.40%, 0, 0, 2, 1378.23
1586829811, 0, 0, 44, 44, 1, 0.40%, 0, 0, 2, 1369.12
1586829816, 0, 0, 46, 46, 1, 0.40%, 0, 0, 2, 1365.10
1586829826, 0, 0, 47, 47, 1, 0.40%, 0, 0, 2, 1360.23
1586829831, 0, 6, 47, 46, 6, 0.40%, 0, 0, 2, 1385.06
1586830020, 0, 10, 47, 45, 5, 0.40%, 0, 0, 2, 1410.90
1586830188, 0, 17, 49, 46, 5, 0.40%, 0, 0, 3, 1404.49
1586830381, 0, 29, 49, 45, 4, 0.40%, 0, 0, 3, 1382.31
1586830578, 0, 36, 49, 44, 3, 0.40%, 0, 0, 3, 1387.01
1586830716, 0, 38, 49, 43, 3, 0.40%, 0, 0, 3, 1372.93
1586830721, 0, 38, 50, 44, 3, 0.40%, 0, 0, 3, 1389.05
1586830874, 0, 38, 51, 45, 3, 0.40%, 0, 0, 3, 1409.73
1586830904, 0, 38, 53, 47, 3, 0.40%, 0, 0, 3, 1400.55
1586830909, 0, 47, 54, 47, 3, 0.40%, 0, 0, 3, 1441.90
1586831016, 0, 50, 56, 48, 4, 0.40%, 0, 0, 4, 1477.53
1586831036, 0, 50, 57, 49, 4, 0.40%, 0, 0, 4, 1404.15
1586831123, 0, 50, 58, 50, 4, 0.40%, 0, 0, 4, 1412.72
1586831205, 0, 52, 58, 49, 4, 0.40%, 0, 0, 4, 1438.47
1586831342, 0, 54, 58, 48, 3, 0.40%, 0, 0, 4, 1609.91
1586831423, 0, 54, 59, 49, 3, 0.40%, 0, 0, 5, 1653.07
1586831428, 0, 57, 59, 48, 2, 0.40%, 0, 0, 5, 1475.82
1586831581, 0, 57, 60, 49, 2, 0.40%, 0, 0, 5, 1399.56
1586831616, 0, 58, 60, 48, 1, 0.40%, 0, 0, 5, 1630.98
1586831677, 0, 58, 67, 55, 1, 0.40%, 0, 0, 6, 1754.00
1586831682, 0, 58, 68, 56, 1, 0.40%, 0, 0, 6, 1749.88
1586831698, 0, 63, 68, 55, 4, 0.40%, 0, 0, 6, 1768.16
1586831753, 0, 63, 71, 58, 4, 0.40%, 0, 0, 7, 1754.15
1586831758, 0, 63, 73, 60, 4, 0.40%, 0, 0, 7, 1737.10
1586831769, 0, 63, 74, 61, 4, 0.40%, 0, 0, 7, 1765.18
1586831774, 0, 68, 74, 60, 5, 0.40%, 0, 0, 7, 1832.95
1586831809, 0, 68, 78, 64, 5, 0.40%, 0, 0, 8, 1827.52
1586831814, 0, 68, 79, 65, 5, 0.40%, 0, 0, 8, 1666.22
1586831824, 0, 68, 80, 66, 5, 0.40%, 0, 0, 8, 1698.01
1586831829, 0, 69, 80, 65, 4, 0.40%, 0, 0, 8, 1808.47
1586831875, 0, 72, 80, 64, 3, 0.40%, 0, 0, 8, 1908.08
1586831911, 0, 72, 81, 65, 3, 0.40%, 0, 0, 8, 1897.21
1586831916, 0, 73, 81, 64, 3, 0.40%, 0, 0, 8, 1881.01
1586831956, 0, 74, 81, 63, 2, 0.40%, 0, 0, 8, 1877.37
1586831992, 0, 74, 85, 67, 2, 0.40%, 0, 0, 9, 1872.54
1586831997, 0, 74, 86, 68, 2, 0.40%, 0, 0, 9, 1869.86
1586832007, 0, 80, 86, 67, 3, 0.40%, 0, 0, 9, 1959.64
1586832038, 0, 83, 87, 67, 2, 0.40%, 0, 0, 9, 1960.06
1586832048, 0, 83, 88, 68, 2, 0.40%, 0, 0, 10, 1933.51
1586832068, 0, 83, 91, 71, 2, 0.40%, 0, 0, 10, 1914.45
1586832073, 0, 83, 92, 72, 2, 0.40%, 0, 0, 10, 1912.52
1586832078, 0, 86, 92, 71, 3, 0.40%, 0, 0, 10, 1909.83
1586832104, 0, 88, 93, 71, 2, 0.40%, 0, 0, 10, 2004.56
1586832129, 0, 92, 93, 70, 1, 0.40%, 0, 0, 10, 2016.68
1586832149, 1, 9, 94, 70, 0, 0.40%, 0, 0, 10, 1664.01
1586832296, 1, 15, 94, 69, 0, 0.40%, 0, 0, 10, 1403.15
1586832424, 1, 20, 94, 68, 0, 0.40%, 0, 0, 10, 1396.62
1586832566, 1, 21, 94, 67, 0, 0.40%, 0, 0, 10, 1397.80
1586832754, 1, 22, 94, 66, 0, 0.40%, 0, 0, 10, 1430.56
1586832881, 1, 24, 94, 65, 0, 0.40%, 0, 0, 10, 1415.32
1586833074, 1, 26, 94, 64, 0, 0.40%, 0, 0, 10, 1395.57
